/sequence/sample >> 1
33,4,28,8,0,382,21,15,1,2,1,1,1,0,0,0,0,0,0,1,1,1,2,1,0.6,3,1,1,1,0.06666667,0.13333334,0.06666667,0.06666667,0.06666667,0.0,0.0,0.0,0.0,0.0,0.0,0.06666667,0.06666667,0.06666667,0.13333334,0.06666667,
OutTrace

/sequence/sample >> 2
58,9,41,12,0,532,36,37,2,4,3,1,1,0,0,0,1,1,0,1,6,1,1,4,0.3243243,5,3,1,1,0.054054055,0.10810811,0.08108108,0.027027028,0.027027028,0.0,0.0,0.0,0.027027028,0.027027028,0.0,0.027027028,0.16216215,0.027027028,0.027027028,0.10810811,
58,9,41,12,0,532,36,16,0,1,0,0,0,0,0,0,0,0,0,0,2,1,0,1,0.9375,1,0,1,1,0.0,0.0625,0.0,0.0,0.0,0.0,0.0,0.0,0.0,0.0,0.0,0.0,0.125,0.0625,0.0,0.0625,
InTrace

/sequence/sample >> 3
27,4,21,8,0,252,28,20,2,1,2,0,0,0,0,0,0,0,0,0,7,0,0,3,0.3,2,2,1,1,0.1,0.05,0.1,0.0,0.0,0.0,0.0,0.0,0.0,0.0,0.0,0.0,0.35,0.0,0.0,0.15,
33,5,21,6,0,278,22,37,3,3,3,0,0,0,0,0,0,0,0,3,9,0,1,3,0.27027026,3,3,1,1,0.08108108,0.08108108,0.08108108,0.0,0.0,0.0,0.0,0.0,0.0,0.0,0.0,0.08108108,0.24324325,0.0,0.027027028,0.08108108,
33,5,21,6,0,278,22,15,3,0,0,0,0,0,0,0,0,0,0,0,1,0,0,0,0.8,1,0,1,1,0.2,0.0,0.0,0.0,0.0,0.0,0.0,0.0,0.0,0.0,0.0,0.0,0.06666667,0.0,0.0,0.0,
10,2,24,6,0,265,16,14,3,0,0,0,0,0,0,0,0,0,0,0,2,0,0,0,0.71428573,1,0,1,1,0.21428572,0.0,0.0,0.0,0.0,0.0,0.0,0.0,0.0,0.0,0.0,0.0,0.14285715,0.0,0.0,0.0,
10,2,24,6,0,265,16,12,3,0,0,0,0,0,0,0,0,0,0,0,1,0,0,0,0.75,1,0,1,1,0.25,0.0,0.0,0.0,0.0,0.0,0.0,0.0,0.0,0.0,0.0,0.0,0.083333336,0.0,0.0,0.0,
OutTrace

/sequence/sample >> 4
387,62,227,66,0,2695,113,99,1,18,13,5,0,0,5,0,0,0,0,8,39,1,0,10,0.121212125,5,18,1,1,0.01010101,0.18181819,0.13131313,0.05050505,0.0,0.0,0.05050505,0.0,0.0,0.0,0.0,0.08080808,0.3939394,0.01010101,0.0,0.1010101,
121,11,36,21,0,534,47,87,0,10,16,0,0,0,0,0,0,0,0,22,25,1,0,37,0.08045977,7,16,3,1,0.0,0.11494253,0.18390805,0.0,0.0,0.0,0.0,0.0,0.0,0.0,0.0,0.25287357,0.28735632,0.011494253,0.0,0.42528737,
121,11,36,21,0,534,47,6,0,0,1,0,0,0,0,0,0,0,0,0,2,0,0,0,0.6666667,2,1,1,1,0.0,0.0,0.16666667,0.0,0.0,0.0,0.0,0.0,0.0,0.0,0.0,0.0,0.33333334,0.0,0.0,0.0,
50,42,68,34,0,826,59,10,1,0,0,0,0,0,0,0,0,0,0,1,1,0,0,0,0.9,1,0,1,1,0.1,0.0,0.0,0.0,0.0,0.0,0.0,0.0,0.0,0.0,0.0,0.1,0.1,0.0,0.0,0.0,
387,62,227,66,0,2695,113,107,4,0,4,0,0,0,0,0,0,0,0,42,18,0,0,4,0.12149533,2,4,1,1,0.037383176,0.0,0.037383176,0.0,0.0,0.0,0.0,0.0,0.0,0.0,0.0,0.39252338,0.1682243,0.0,0.0,0.037383176,
207,1,40,93,1,1077,109,58,8,7,3,0,0,0,0,0,0,0,0,2,7,1,0,1,0.3275862,2,3,1,1,0.13793103,0.12068965,0.05172414,0.0,0.0,0.0,0.0,0.0,0.0,0.0,0.0,0.03448276,0.12068965,0.01724138,0.0,0.01724138,
InTrace

/sequence/sample >> 5
30,5,31,7,0,427,25,45,2,3,4,0,0,0,0,0,1,1,0,1,9,1,2,5,0.35555556,4,4,1,1,0.044444446,0.06666667,0.08888889,0.0,0.0,0.0,0.0,0.0,0.022222223,0.022222223,0.0,0.022222223,0.2,0.022222223,0.044444446,0.11111111,
30,5,31,7,0,427,25,11,2,0,0,0,0,0,0,0,0,0,0,0,1,1,0,0,1.0,1,0,1,1,0.18181819,0.0,0.0,0.0,0.0,0.0,0.0,0.0,0.0,0.0,0.0,0.0,0.09090909,0.09090909,0.0,0.0,
OutTrace

/sequence/sample >> 6
27,2,15,4,0,179,18,15,1,1,1,0,0,0,0,0,0,0,0,0,3,0,0,3,0.6666667,2,1,1,1,0.06666667,0.06666667,0.06666667,0.0,0.0,0.0,0.0,0.0,0.0,0.0,0.0,0.0,0.2,0.0,0.0,0.2,
31,4,20,4,0,228,18,19,1,3,1,1,0,0,1,0,0,0,0,0,6,0,0,3,0.47368422,2,2,1,1,0.05263158,0.15789473,0.05263158,0.05263158,0.0,0.0,0.05263158,0.0,0.0,0.0,0.0,0.0,0.31578946,0.0,0.0,0.15789473,
InTrace

/sequence/sample >> 7
3,2,5,4,0,110,14,12,1,2,0,0,0,0,0,0,0,0,0,1,2,1,0,4,0.6666667,1,0,1,1,0.083333336,0.16666667,0.0,0.0,0.0,0.0,0.0,0.0,0.0,0.0,0.0,0.083333336,0.16666667,0.083333336,0.0,0.33333334,
OutTrace

/sequence/sample >> 8
58,9,41,12,0,536,36,37,2,4,3,1,1,0,0,0,1,1,0,1,6,1,1,4,0.3243243,5,3,1,1,0.054054055,0.10810811,0.08108108,0.027027028,0.027027028,0.0,0.0,0.0,0.027027028,0.027027028,0.0,0.027027028,0.16216215,0.027027028,0.027027028,0.10810811,
58,9,41,12,0,536,36,51,2,4,8,0,0,0,0,0,0,0,0,6,6,2,2,10,0.3529412,3,8,1,1,0.039215688,0.078431375,0.15686275,0.0,0.0,0.0,0.0,0.0,0.0,0.0,0.0,0.11764706,0.11764706,0.039215688,0.039215688,0.19607843,
OutTrace

/sequence/sample >> 9
10,3,16,1,0,214,11,14,2,1,1,0,0,0,0,0,0,0,0,2,1,0,0,5,0.42857143,2,1,1,1,0.14285715,0.071428575,0.071428575,0.0,0.0,0.0,0.0,0.0,0.0,0.0,0.0,0.14285715,0.071428575,0.0,0.0,0.35714287,
61,6,9,7,0,162,25,76,3,11,10,0,0,0,0,0,0,0,0,10,19,1,0,18,0.118421055,2,10,3,1,0.039473683,0.14473684,0.13157895,0.0,0.0,0.0,0.0,0.0,0.0,0.0,0.0,0.13157895,0.25,0.013157895,0.0,0.23684211,
61,6,9,7,0,162,25,54,3,4,12,0,0,0,0,0,0,0,0,5,15,1,0,12,0.18518518,7,12,1,1,0.055555556,0.074074075,0.22222222,0.0,0.0,0.0,0.0,0.0,0.0,0.0,0.0,0.09259259,0.2777778,0.018518519,0.0,0.22222222,
61,6,9,7,0,162,25,59,3,13,5,0,0,0,0,0,0,0,0,12,11,1,0,10,0.16949153,2,5,3,1,0.050847456,0.22033899,0.084745765,0.0,0.0,0.0,0.0,0.0,0.0,0.0,0.0,0.20338982,0.18644068,0.016949153,0.0,0.16949153,
61,6,9,7,0,162,25,54,3,4,12,0,0,0,0,0,0,0,0,5,15,1,0,12,0.18518518,7,12,1,1,0.055555556,0.074074075,0.22222222,0.0,0.0,0.0,0.0,0.0,0.0,0.0,0.0,0.09259259,0.2777778,0.018518519,0.0,0.22222222,
13,3,12,11,0,156,31,10,2,0,0,0,0,0,0,0,0,0,0,0,1,1,0,0,0.9,1,0,1,1,0.2,0.0,0.0,0.0,0.0,0.0,0.0,0.0,0.0,0.0,0.0,0.0,0.1,0.1,0.0,0.0,
OutTrace

/sequence/sample >> 10
255,46,171,57,0,1963,96,34,4,2,3,0,0,0,0,0,0,0,0,2,4,1,0,3,0.47058824,2,3,1,1,0.11764706,0.05882353,0.0882353,0.0,0.0,0.0,0.0,0.0,0.0,0.0,0.0,0.05882353,0.11764706,0.029411765,0.0,0.0882353,
255,46,171,57,0,1963,96,15,3,0,0,0,0,0,0,0,0,0,0,0,1,1,0,0,1.0,1,0,1,1,0.2,0.0,0.0,0.0,0.0,0.0,0.0,0.0,0.0,0.0,0.0,0.0,0.06666667,0.06666667,0.0,0.0,
255,46,171,57,0,1963,96,13,2,0,0,0,0,0,0,0,0,0,0,0,1,1,0,0,1.0769231,1,0,1,1,0.15384616,0.0,0.0,0.0,0.0,0.0,0.0,0.0,0.0,0.0,0.0,0.0,0.07692308,0.07692308,0.0,0.0,
255,46,171,57,0,1963,96,11,1,0,0,0,0,0,0,0,0,0,0,0,1,1,0,0,1.1818181,1,0,1,1,0.09090909,0.0,0.0,0.0,0.0,0.0,0.0,0.0,0.0,0.0,0.0,0.0,0.09090909,0.09090909,0.0,0.0,
OutTrace

/sequence/sample >> 11
150,50,39,28,0,446,52,43,6,5,2,2,0,2,0,0,0,0,0,1,13,0,1,1,0.3255814,4,2,4,1,0.13953489,0.11627907,0.046511628,0.046511628,0.0,0.046511628,0.0,0.0,0.0,0.0,0.0,0.023255814,0.30232558,0.0,0.023255814,0.023255814,
150,50,39,28,0,446,52,76,2,12,11,3,0,3,0,0,0,0,0,2,38,0,4,13,0.15789473,6,11,4,1,0.02631579,0.15789473,0.14473684,0.039473683,0.0,0.039473683,0.0,0.0,0.0,0.0,0.0,0.02631579,0.5,0.0,0.05263158,0.17105263,
150,50,39,28,0,446,52,387,3,19,19,1,0,1,0,0,0,0,0,35,147,0,5,13,0.09819122,6,108,1,1,0.007751938,0.04909561,0.04909561,0.0025839794,0.0,0.0025839794,0.0,0.0,0.0,0.0,0.0,0.090439275,0.37984496,0.0,0.012919896,0.033591732,
28,14,47,11,1,242,37,29,2,3,2,1,1,0,0,0,0,0,0,5,9,1,1,2,0.1724138,4,4,4,1,0.06896552,0.10344828,0.06896552,0.03448276,0.03448276,0.0,0.0,0.0,0.0,0.0,0.0,0.1724138,0.31034482,0.03448276,0.03448276,0.06896552,
28,14,47,11,1,242,37,29,2,3,2,1,1,0,0,0,0,0,0,5,9,1,1,2,0.1724138,4,4,4,1,0.06896552,0.10344828,0.06896552,0.03448276,0.03448276,0.0,0.0,0.0,0.0,0.0,0.0,0.1724138,0.31034482,0.03448276,0.03448276,0.06896552,
28,14,47,11,1,242,37,12,2,0,0,0,0,0,0,0,0,0,0,3,5,0,0,0,0.41666666,1,0,2,1,0.16666667,0.0,0.0,0.0,0.0,0.0,0.0,0.0,0.0,0.0,0.0,0.25,0.41666666,0.0,0.0,0.0,
150,50,39,28,0,446,52,12,2,1,1,0,0,0,0,0,0,0,0,1,4,0,0,0,0.0,2,1,1,1,0.16666667,0.083333336,0.083333336,0.0,0.0,0.0,0.0,0.0,0.0,0.0,0.0,0.083333336,0.33333334,0.0,0.0,0.0,
150,50,39,28,0,446,52,20,2,1,1,0,0,0,0,0,0,0,0,0,8,0,0,4,0.35,2,1,1,1,0.1,0.05,0.05,0.0,0.0,0.0,0.0,0.0,0.0,0.0,0.0,0.0,0.4,0.0,0.0,0.2,
150,50,39,28,0,446,52,18,2,2,0,0,0,0,0,0,0,0,0,2,8,1,0,3,0.055555556,1,0,1,1,0.11111111,0.11111111,0.0,0.0,0.0,0.0,0.0,0.0,0.0,0.0,0.0,0.11111111,0.44444445,0.055555556,0.0,0.16666667,
InTrace

/sequence/sample >> 12
0,5,7,0,1,78,7,23,4,0,3,0,0,0,0,0,0,0,0,4,0,0,0,13,0.13043478,3,3,1,1,0.17391305,0.0,0.13043478,0.0,0.0,0.0,0.0,0.0,0.0,0.0,0.0,0.17391305,0.0,0.0,0.0,0.5652174,
8,4,71,4,1,406,23,10,5,1,1,0,0,0,0,0,0,0,0,0,3,0,0,1,0.3,2,1,1,1,0.5,0.1,0.1,0.0,0.0,0.0,0.0,0.0,0.0,0.0,0.0,0.0,0.3,0.0,0.0,0.1,
125,26,64,21,1,438,78,124,2,12,12,2,1,0,0,1,0,0,0,15,30,2,5,27,0.17741935,7,15,4,1,0.016129032,0.09677419,0.09677419,0.016129032,0.008064516,0.0,0.0,0.008064516,0.0,0.0,0.0,0.12096774,0.24193548,0.016129032,0.04032258,0.21774194,
125,26,64,21,1,438,78,3,1,0,0,0,0,0,0,0,0,0,0,0,1,1,0,0,0.0,1,0,4,1,0.33333334,0.0,0.0,0.0,0.0,0.0,0.0,0.0,0.0,0.0,0.0,0.0,0.33333334,0.33333334,0.0,0.0,
125,26,64,21,1,438,78,847,0,43,98,1,1,0,0,0,0,0,0,113,365,2,45,69,0.051948052,13,162,2,1,0.0,0.050767414,0.11570248,0.0011806375,0.0011806375,0.0,0.0,0.0,0.0,0.0,0.0,0.13341205,0.4309327,0.002361275,0.05312869,0.08146399,
OutTrace