/home/yongfeng/Documents/java/D4jProjects/Chart/Chart_16/ >> 16
1,2,1,1,1,1,1,1,577,509,40,
33,4,28,8,0,382,21,15,1,2,1,1,1,0,0,0,0,0,0,1,1,1,2,1,0.6,3,1,1,1,0.06666667,0.13333334,0.06666667,0.06666667,0.06666667,0.0,0.0,0.0,0.0,0.0,0.0,0.06666667,0.06666667,0.06666667,0.13333334,0.06666667,
OutTrace

/home/yongfeng/Documents/java/D4jProjects/Chart/Chart_17/ >> 17
3,3,1,2,1,1,0,1,577,509,40,
58,9,41,12,0,532,36,37,2,4,3,1,1,0,0,0,1,1,0,1,6,1,1,4,0.3243243,5,3,1,1,0.054054055,0.10810811,0.08108108,0.027027028,0.027027028,0.0,0.0,0.0,0.027027028,0.027027028,0.0,0.027027028,0.16216215,0.027027028,0.027027028,0.10810811,
58,9,41,12,0,532,36,16,0,1,0,0,0,0,0,0,0,0,0,0,2,1,0,1,0.9375,1,0,1,1,0.0,0.0625,0.0,0.0,0.0,0.0,0.0,0.0,0.0,0.0,0.0,0.0,0.125,0.0625,0.0,0.0625,
InTrace

/home/yongfeng/Documents/java/D4jProjects/Chart/Chart_18/ >> 18
12,8,3,5,0,0,0,1,577,509,40,
27,4,21,8,0,252,28,20,2,1,2,0,0,0,0,0,0,0,0,0,7,0,0,3,0.3,2,2,1,1,0.1,0.05,0.1,0.0,0.0,0.0,0.0,0.0,0.0,0.0,0.0,0.0,0.35,0.0,0.0,0.15,
33,5,21,6,0,278,22,37,3,3,3,0,0,0,0,0,0,0,0,3,9,0,1,3,0.27027026,3,3,1,1,0.08108108,0.08108108,0.08108108,0.0,0.0,0.0,0.0,0.0,0.0,0.0,0.0,0.08108108,0.24324325,0.0,0.027027028,0.08108108,
33,5,21,6,0,278,22,15,3,0,0,0,0,0,0,0,0,0,0,0,1,0,0,0,0.8,1,0,1,1,0.2,0.0,0.0,0.0,0.0,0.0,0.0,0.0,0.0,0.0,0.0,0.0,0.06666667,0.0,0.0,0.0,
10,2,24,6,0,265,16,14,3,0,0,0,0,0,0,0,0,0,0,0,2,0,0,0,0.71428573,1,0,1,1,0.21428572,0.0,0.0,0.0,0.0,0.0,0.0,0.0,0.0,0.0,0.0,0.0,0.14285715,0.0,0.0,0.0,
10,2,24,6,0,265,16,12,3,0,0,0,0,0,0,0,0,0,0,0,1,0,0,0,0.75,1,0,1,1,0.25,0.0,0.0,0.0,0.0,0.0,0.0,0.0,0.0,0.0,0.0,0.0,0.083333336,0.0,0.0,0.0,
OutTrace

/home/yongfeng/Documents/java/D4jProjects/Chart/Chart_4/ >> 4
1,7,4,6,1,1,1,1,633,550,41,
387,62,227,66,0,2695,113,99,1,18,13,5,0,0,5,0,0,0,0,8,39,1,0,10,0.121212125,5,18,1,1,0.01010101,0.18181819,0.13131313,0.05050505,0.0,0.0,0.05050505,0.0,0.0,0.0,0.0,0.08080808,0.3939394,0.01010101,0.0,0.1010101,
121,11,36,21,0,534,47,87,0,10,16,0,0,0,0,0,0,0,0,22,25,1,0,37,0.08045977,7,16,3,1,0.0,0.11494253,0.18390805,0.0,0.0,0.0,0.0,0.0,0.0,0.0,0.0,0.25287357,0.28735632,0.011494253,0.0,0.42528737,
121,11,36,21,0,534,47,6,0,0,1,0,0,0,0,0,0,0,0,0,2,0,0,0,0.6666667,2,1,1,1,0.0,0.0,0.16666667,0.0,0.0,0.0,0.0,0.0,0.0,0.0,0.0,0.0,0.33333334,0.0,0.0,0.0,
50,42,68,34,0,826,59,10,1,0,0,0,0,0,0,0,0,0,0,1,1,0,0,0,0.9,1,0,1,1,0.1,0.0,0.0,0.0,0.0,0.0,0.0,0.0,0.0,0.0,0.0,0.1,0.1,0.0,0.0,0.0,
387,62,227,66,0,2695,113,107,4,0,4,0,0,0,0,0,0,0,0,42,18,0,0,4,0.12149533,2,4,1,1,0.037383176,0.0,0.037383176,0.0,0.0,0.0,0.0,0.0,0.0,0.0,0.0,0.39252338,0.1682243,0.0,0.0,0.037383176,
207,1,40,93,1,1077,109,58,8,7,3,0,0,0,0,0,0,0,0,2,7,1,0,1,0.3275862,2,3,1,1,0.13793103,0.12068965,0.05172414,0.0,0.0,0.0,0.0,0.0,0.0,0.0,0.0,0.03448276,0.12068965,0.01724138,0.0,0.01724138,
InTrace

/home/yongfeng/Documents/java/D4jProjects/Chart/Chart_5/ >> 5
12,5,1,2,0,0,0,1,594,524,40,
30,5,31,7,0,427,25,45,2,3,4,0,0,0,0,0,1,1,0,1,9,1,2,5,0.35555556,4,4,1,1,0.044444446,0.06666667,0.08888889,0.0,0.0,0.0,0.0,0.0,0.022222223,0.022222223,0.0,0.022222223,0.2,0.022222223,0.044444446,0.11111111,
30,5,31,7,0,427,25,11,2,0,0,0,0,0,0,0,0,0,0,0,1,1,0,0,1.0,1,0,1,1,0.18181819,0.0,0.0,0.0,0.0,0.0,0.0,0.0,0.0,0.0,0.0,0.0,0.09090909,0.09090909,0.0,0.0,
OutTrace

/home/yongfeng/Documents/java/D4jProjects/Chart/Chart_22/ >> 22
21,3,2,2,1,1,0,1,558,493,39,
27,2,15,4,0,179,18,15,1,1,1,0,0,0,0,0,0,0,0,0,3,0,0,3,0.6666667,2,1,1,1,0.06666667,0.06666667,0.06666667,0.0,0.0,0.0,0.0,0.0,0.0,0.0,0.0,0.0,0.2,0.0,0.0,0.2,
31,4,20,4,0,228,18,19,1,3,1,1,0,0,1,0,0,0,0,0,6,0,0,3,0.47368422,2,2,1,1,0.05263158,0.15789473,0.05263158,0.05263158,0.0,0.0,0.05263158,0.0,0.0,0.0,0.0,0.0,0.31578946,0.0,0.0,0.15789473,
InTrace

/home/yongfeng/Documents/java/D4jProjects/Chart/Chart_24/ >> 24
3,5,1,1,1,0,0,1,558,493,39,
3,2,5,4,0,110,14,12,1,2,0,0,0,0,0,0,0,0,0,1,2,1,0,4,0.6666667,1,0,1,1,0.083333336,0.16666667,0.0,0.0,0.0,0.0,0.0,0.0,0.0,0.0,0.0,0.083333336,0.16666667,0.083333336,0.0,0.33333334,
OutTrace

/home/yongfeng/Documents/java/D4jProjects/Chart/Chart_9/ >> 9
3,3,1,2,0,1,0,1,578,510,40,
58,9,41,12,0,536,36,37,2,4,3,1,1,0,0,0,1,1,0,1,6,1,1,4,0.3243243,5,3,1,1,0.054054055,0.10810811,0.08108108,0.027027028,0.027027028,0.0,0.0,0.0,0.027027028,0.027027028,0.0,0.027027028,0.16216215,0.027027028,0.027027028,0.10810811,
58,9,41,12,0,536,36,51,2,4,8,0,0,0,0,0,0,0,0,6,6,2,2,10,0.3529412,3,8,1,1,0.039215688,0.078431375,0.15686275,0.0,0.0,0.0,0.0,0.0,0.0,0.0,0.0,0.11764706,0.11764706,0.039215688,0.039215688,0.19607843,
OutTrace

/home/yongfeng/Documents/java/D4jProjects/Chart/Chart_13/ >> 13
3,7,3,6,0,1,0,1,578,510,40,
10,3,16,1,0,214,11,14,2,1,1,0,0,0,0,0,0,0,0,2,1,0,0,5,0.42857143,2,1,1,1,0.14285715,0.071428575,0.071428575,0.0,0.0,0.0,0.0,0.0,0.0,0.0,0.0,0.14285715,0.071428575,0.0,0.0,0.35714287,
61,6,9,7,0,162,25,76,3,11,10,0,0,0,0,0,0,0,0,10,19,1,0,18,0.118421055,2,10,3,1,0.039473683,0.14473684,0.13157895,0.0,0.0,0.0,0.0,0.0,0.0,0.0,0.0,0.13157895,0.25,0.013157895,0.0,0.23684211,
61,6,9,7,0,162,25,54,3,4,12,0,0,0,0,0,0,0,0,5,15,1,0,12,0.18518518,7,12,1,1,0.055555556,0.074074075,0.22222222,0.0,0.0,0.0,0.0,0.0,0.0,0.0,0.0,0.09259259,0.2777778,0.018518519,0.0,0.22222222,
61,6,9,7,0,162,25,59,3,13,5,0,0,0,0,0,0,0,0,12,11,1,0,10,0.16949153,2,5,3,1,0.050847456,0.22033899,0.084745765,0.0,0.0,0.0,0.0,0.0,0.0,0.0,0.0,0.20338982,0.18644068,0.016949153,0.0,0.16949153,
61,6,9,7,0,162,25,54,3,4,12,0,0,0,0,0,0,0,0,5,15,1,0,12,0.18518518,7,12,1,1,0.055555556,0.074074075,0.22222222,0.0,0.0,0.0,0.0,0.0,0.0,0.0,0.0,0.09259259,0.2777778,0.018518519,0.0,0.22222222,
13,3,12,11,0,156,31,10,2,0,0,0,0,0,0,0,0,0,0,0,1,1,0,0,0.9,1,0,1,1,0.2,0.0,0.0,0.0,0.0,0.0,0.0,0.0,0.0,0.0,0.0,0.0,0.1,0.1,0.0,0.0,
OutTrace

/home/yongfeng/Documents/java/D4jProjects/Chart/Chart_14/ >> 14
1,5,1,4,0,1,1,1,578,510,40,
255,46,171,57,0,1963,96,34,4,2,3,0,0,0,0,0,0,0,0,2,4,1,0,3,0.47058824,2,3,1,1,0.11764706,0.05882353,0.0882353,0.0,0.0,0.0,0.0,0.0,0.0,0.0,0.0,0.05882353,0.11764706,0.029411765,0.0,0.0882353,
255,46,171,57,0,1963,96,15,3,0,0,0,0,0,0,0,0,0,0,0,1,1,0,0,1.0,1,0,1,1,0.2,0.0,0.0,0.0,0.0,0.0,0.0,0.0,0.0,0.0,0.0,0.0,0.06666667,0.06666667,0.0,0.0,
255,46,171,57,0,1963,96,13,2,0,0,0,0,0,0,0,0,0,0,0,1,1,0,0,1.0769231,1,0,1,1,0.15384616,0.0,0.0,0.0,0.0,0.0,0.0,0.0,0.0,0.0,0.0,0.0,0.07692308,0.07692308,0.0,0.0,
255,46,171,57,0,1963,96,11,1,0,0,0,0,0,0,0,0,0,0,0,1,1,0,0,1.1818181,1,0,1,1,0.09090909,0.0,0.0,0.0,0.0,0.0,0.0,0.0,0.0,0.0,0.0,0.0,0.09090909,0.09090909,0.0,0.0,
OutTrace

/home/yongfeng/Documents/java/D4jProjects/Closure/Closure_2/ >> 2
1,11,2,9,0,1,1,1,412,1199,20,
150,50,39,28,0,446,52,43,6,5,2,2,0,2,0,0,0,0,0,1,13,0,1,1,0.3255814,4,2,4,1,0.13953489,0.11627907,0.046511628,0.046511628,0.0,0.046511628,0.0,0.0,0.0,0.0,0.0,0.023255814,0.30232558,0.0,0.023255814,0.023255814,
150,50,39,28,0,446,52,76,2,12,11,3,0,3,0,0,0,0,0,2,38,0,4,13,0.15789473,6,11,4,1,0.02631579,0.15789473,0.14473684,0.039473683,0.0,0.039473683,0.0,0.0,0.0,0.0,0.0,0.02631579,0.5,0.0,0.05263158,0.17105263,
150,50,39,28,0,446,52,387,3,19,19,1,0,1,0,0,0,0,0,35,147,0,5,13,0.09819122,6,108,1,1,0.007751938,0.04909561,0.04909561,0.0025839794,0.0,0.0025839794,0.0,0.0,0.0,0.0,0.0,0.090439275,0.37984496,0.0,0.012919896,0.033591732,
28,14,47,11,1,242,37,29,2,3,2,1,1,0,0,0,0,0,0,5,9,1,1,2,0.1724138,4,4,4,1,0.06896552,0.10344828,0.06896552,0.03448276,0.03448276,0.0,0.0,0.0,0.0,0.0,0.0,0.1724138,0.31034482,0.03448276,0.03448276,0.06896552,
28,14,47,11,1,242,37,29,2,3,2,1,1,0,0,0,0,0,0,5,9,1,1,2,0.1724138,4,4,4,1,0.06896552,0.10344828,0.06896552,0.03448276,0.03448276,0.0,0.0,0.0,0.0,0.0,0.0,0.1724138,0.31034482,0.03448276,0.03448276,0.06896552,
28,14,47,11,1,242,37,12,2,0,0,0,0,0,0,0,0,0,0,3,5,0,0,0,0.41666666,1,0,2,1,0.16666667,0.0,0.0,0.0,0.0,0.0,0.0,0.0,0.0,0.0,0.0,0.25,0.41666666,0.0,0.0,0.0,
150,50,39,28,0,446,52,12,2,1,1,0,0,0,0,0,0,0,0,1,4,0,0,0,0.0,2,1,1,1,0.16666667,0.083333336,0.083333336,0.0,0.0,0.0,0.0,0.0,0.0,0.0,0.0,0.083333336,0.33333334,0.0,0.0,0.0,
150,50,39,28,0,446,52,20,2,1,1,0,0,0,0,0,0,0,0,0,8,0,0,4,0.35,2,1,1,1,0.1,0.05,0.05,0.0,0.0,0.0,0.0,0.0,0.0,0.0,0.0,0.0,0.4,0.0,0.0,0.2,
150,50,39,28,0,446,52,18,2,2,0,0,0,0,0,0,0,0,0,2,8,1,0,3,0.055555556,1,0,1,1,0.11111111,0.11111111,0.0,0.0,0.0,0.0,0.0,0.0,0.0,0.0,0.0,0.11111111,0.44444445,0.055555556,0.0,0.16666667,
InTrace

/home/yongfeng/Documents/java/D4jProjects/Closure/Closure_133/ >> 133
5,8,3,5,0,1,0,1,414,1205,20,
0,5,7,0,1,78,7,23,4,0,3,0,0,0,0,0,0,0,0,4,0,0,0,13,0.13043478,3,3,1,1,0.17391305,0.0,0.13043478,0.0,0.0,0.0,0.0,0.0,0.0,0.0,0.0,0.17391305,0.0,0.0,0.0,0.5652174,
8,4,71,4,1,406,23,10,5,1,1,0,0,0,0,0,0,0,0,0,3,0,0,1,0.3,2,1,1,1,0.5,0.1,0.1,0.0,0.0,0.0,0.0,0.0,0.0,0.0,0.0,0.0,0.3,0.0,0.0,0.1,
125,26,64,21,1,438,78,124,2,12,12,2,1,0,0,1,0,0,0,15,30,2,5,27,0.17741935,7,15,4,1,0.016129032,0.09677419,0.09677419,0.016129032,0.008064516,0.0,0.0,0.008064516,0.0,0.0,0.0,0.12096774,0.24193548,0.016129032,0.04032258,0.21774194,
125,26,64,21,1,438,78,3,1,0,0,0,0,0,0,0,0,0,0,0,1,1,0,0,0.0,1,0,4,1,0.33333334,0.0,0.0,0.0,0.0,0.0,0.0,0.0,0.0,0.0,0.0,0.0,0.33333334,0.33333334,0.0,0.0,
125,26,64,21,1,438,78,847,0,43,98,1,1,0,0,0,0,0,0,113,365,2,45,69,0.051948052,13,162,2,1,0.0,0.050767414,0.11570248,0.0011806375,0.0011806375,0.0,0.0,0.0,0.0,0.0,0.0,0.13341205,0.4309327,0.002361275,0.05312869,0.08146399,
OutTrace

/home/yongfeng/Documents/java/D4jProjects/Closure/Closure_37/ >> 37
4,8,1,5,0,1,0,1,397,1146,17,
144,61,162,35,0,511,156,52,3,5,4,1,0,0,1,0,2,2,1,2,7,1,0,1,0.13461539,5,5,2,1,0.057692308,0.09615385,0.07692308,0.01923077,0.0,0.0,0.01923077,0.0,0.03846154,0.03846154,0.01923077,0.03846154,0.13461539,0.01923077,0.0,0.01923077,
144,61,162,35,0,511,156,3,1,0,0,0,0,0,0,0,0,0,0,0,2,1,0,0,0.0,1,0,4,1,0.33333334,0.0,0.0,0.0,0.0,0.0,0.0,0.0,0.0,0.0,0.0,0.0,0.6666667,0.33333334,0.0,0.0,
144,61,162,35,0,511,156,9,0,0,0,0,0,0,0,0,0,0,0,0,4,2,0,0,0.0,3,0,4,1,0.0,0.0,0.0,0.0,0.0,0.0,0.0,0.0,0.0,0.0,0.0,0.0,0.44444445,0.22222222,0.0,0.0,
144,61,162,35,0,511,156,17,3,1,1,0,0,0,0,0,1,0,1,0,8,2,0,1,0.23529412,3,1,1,1,0.1764706,0.05882353,0.05882353,0.0,0.0,0.0,0.0,0.0,0.05882353,0.0,0.05882353,0.0,0.47058824,0.11764706,0.0,0.05882353,
144,61,162,35,0,511,156,7,3,0,0,0,0,0,0,0,0,0,0,0,3,1,0,0,0.42857143,1,0,1,1,0.42857143,0.0,0.0,0.0,0.0,0.0,0.0,0.0,0.0,0.0,0.0,0.0,0.42857143,0.14285715,0.0,0.0,
OutTrace

/home/yongfeng/Documents/java/D4jProjects/Closure/Closure_40/ >> 40
4,9,1,5,0,1,0,1,395,1139,17,
136,60,152,34,0,482,152,52,3,5,4,1,0,0,1,0,2,2,1,2,7,1,0,1,0.13461539,5,5,2,1,0.057692308,0.09615385,0.07692308,0.01923077,0.0,0.0,0.01923077,0.0,0.03846154,0.03846154,0.01923077,0.03846154,0.13461539,0.01923077,0.0,0.01923077,
136,60,152,34,0,482,152,3,1,0,0,0,0,0,0,0,0,0,0,0,2,1,0,0,0.0,1,0,4,1,0.33333334,0.0,0.0,0.0,0.0,0.0,0.0,0.0,0.0,0.0,0.0,0.0,0.6666667,0.33333334,0.0,0.0,
136,60,152,34,0,482,152,9,0,0,0,0,0,0,0,0,0,0,0,0,4,2,0,0,0.0,3,0,4,1,0.0,0.0,0.0,0.0,0.0,0.0,0.0,0.0,0.0,0.0,0.0,0.0,0.44444445,0.22222222,0.0,0.0,
136,60,152,34,0,482,152,17,3,1,1,0,0,0,0,0,1,0,1,0,8,2,0,1,0.23529412,3,1,1,1,0.1764706,0.05882353,0.05882353,0.0,0.0,0.0,0.0,0.0,0.05882353,0.0,0.05882353,0.0,0.47058824,0.11764706,0.0,0.05882353,
136,60,152,34,0,482,152,7,3,0,0,0,0,0,0,0,0,0,0,0,3,1,0,0,0.42857143,1,0,1,1,0.42857143,0.0,0.0,0.0,0.0,0.0,0.0,0.0,0.0,0.0,0.0,0.0,0.42857143,0.14285715,0.0,0.0,
OutTrace

/home/yongfeng/Documents/java/D4jProjects/Closure/Closure_106/ >> 106
3,13,2,7,0,1,1,0,298,774,9,
79,8,21,20,0,349,46,44,4,5,4,1,0,1,0,0,0,0,0,1,11,1,1,4,0.3409091,5,4,4,1,0.09090909,0.11363637,0.09090909,0.022727273,0.0,0.022727273,0.0,0.0,0.0,0.0,0.0,0.022727273,0.25,0.022727273,0.022727273,0.09090909,
79,8,21,20,0,349,46,63,2,8,5,0,0,0,0,0,0,0,0,2,25,0,1,4,0.20634921,3,5,4,1,0.031746034,0.12698413,0.07936508,0.0,0.0,0.0,0.0,0.0,0.0,0.0,0.0,0.031746034,0.3968254,0.0,0.015873017,0.06349207,
79,8,21,20,0,349,46,22,2,0,0,0,0,0,0,0,0,0,0,0,5,0,0,0,0.45454547,1,3,4,1,0.09090909,0.0,0.0,0.0,0.0,0.0,0.0,0.0,0.0,0.0,0.0,0.0,0.22727273,0.0,0.0,0.0,
79,8,21,20,0,349,46,29,2,2,3,1,0,1,0,0,0,0,0,0,8,0,1,15,0.3448276,4,3,4,1,0.06896552,0.06896552,0.10344828,0.03448276,0.0,0.03448276,0.0,0.0,0.0,0.0,0.0,0.0,0.27586207,0.0,0.03448276,0.51724136,
79,8,21,20,0,349,46,29,2,2,3,1,0,1,0,0,0,0,0,0,8,0,1,15,0.3448276,4,3,4,1,0.06896552,0.06896552,0.10344828,0.03448276,0.0,0.03448276,0.0,0.0,0.0,0.0,0.0,0.0,0.27586207,0.0,0.03448276,0.51724136,
79,8,21,20,0,349,46,26,2,3,2,2,0,2,0,0,0,0,0,4,6,0,0,0,0.23076923,2,2,1,1,0.07692308,0.115384616,0.07692308,0.07692308,0.0,0.07692308,0.0,0.0,0.0,0.0,0.0,0.15384616,0.23076923,0.0,0.0,0.0,
OutTrace

/home/yongfeng/Documents/java/D4jProjects/Closure/Closure_108/ >> 108
5,10,3,4,1,1,1,0,543,1377,26,
5,0,1,19,0,0,9,12,0,5,0,0,0,0,0,0,0,0,0,0,10,0,0,1,0.0,1,0,1,1,0.0,0.41666666,0.0,0.0,0.0,0.0,0.0,0.0,0.0,0.0,0.0,0.0,0.8333333,0.0,0.0,0.083333336,
61,23,23,19,0,117,42,58,2,9,5,4,0,3,1,0,0,0,0,1,39,0,2,7,0.06896552,5,6,1,1,0.03448276,0.15517241,0.0862069,0.06896552,0.0,0.05172414,0.01724138,0.0,0.0,0.0,0.0,0.01724138,0.67241377,0.0,0.03448276,0.12068965,
61,23,23,19,0,117,42,3,2,0,0,0,0,0,0,0,0,0,0,0,1,0,0,0,0.0,1,0,1,1,0.6666667,0.0,0.0,0.0,0.0,0.0,0.0,0.0,0.0,0.0,0.0,0.0,0.33333334,0.0,0.0,0.0,
OutTrace

/home/yongfeng/Documents/java/D4jProjects/Closure/Closure_79/ >> 79
4,21,6,16,0,1,0,0,365,1018,15,
4,1,2,14,0,49,20,55,4,2,7,0,0,0,0,0,0,0,0,1,30,1,1,12,0.4,4,7,1,1,0.07272727,0.036363635,0.12727273,0.0,0.0,0.0,0.0,0.0,0.0,0.0,0.0,0.018181818,0.54545456,0.018181818,0.018181818,0.21818182,
20,7,6,4,0,60,23,18,1,2,1,0,0,0,0,0,0,0,0,0,9,0,0,3,0.33333334,2,1,4,1,0.055555556,0.11111111,0.055555556,0.0,0.0,0.0,0.0,0.0,0.0,0.0,0.0,0.0,0.5,0.0,0.0,0.16666667,
20,7,6,4,0,60,23,54,2,7,3,2,2,0,0,0,0,0,0,3,25,5,0,5,0.2037037,4,7,4,1,0.037037037,0.12962963,0.055555556,0.037037037,0.037037037,0.0,0.0,0.0,0.0,0.0,0.0,0.055555556,0.46296296,0.09259259,0.0,0.09259259,
20,7,6,4,0,60,23,54,2,7,3,2,2,0,0,0,0,0,0,3,25,5,0,5,0.2037037,4,7,4,1,0.037037037,0.12962963,0.055555556,0.037037037,0.037037037,0.0,0.0,0.0,0.0,0.0,0.0,0.055555556,0.46296296,0.09259259,0.0,0.09259259,
20,7,6,4,0,60,23,54,2,7,3,2,2,0,0,0,0,0,0,3,25,5,0,5,0.2037037,4,7,4,1,0.037037037,0.12962963,0.055555556,0.037037037,0.037037037,0.0,0.0,0.0,0.0,0.0,0.0,0.055555556,0.46296296,0.09259259,0.0,0.09259259,
20,7,6,4,0,60,23,54,2,7,3,2,2,0,0,0,0,0,0,3,25,5,0,5,0.2037037,4,7,4,1,0.037037037,0.12962963,0.055555556,0.037037037,0.037037037,0.0,0.0,0.0,0.0,0.0,0.0,0.055555556,0.46296296,0.09259259,0.0,0.09259259,
20,7,6,4,0,60,23,31,2,5,2,1,1,0,0,0,0,0,0,2,20,0,1,6,0.16129032,3,2,4,1,0.06451613,0.16129032,0.06451613,0.032258064,0.032258064,0.0,0.0,0.0,0.0,0.0,0.0,0.06451613,0.6451613,0.0,0.032258064,0.19354838,
20,7,6,4,0,60,23,15,2,1,1,0,0,0,0,0,0,0,0,5,1,1,0,1,0.0,2,1,1,1,0.13333334,0.06666667,0.06666667,0.0,0.0,0.0,0.0,0.0,0.0,0.0,0.0,0.33333334,0.06666667,0.06666667,0.0,0.06666667,
26,13,41,10,1,236,35,15,0,2,1,1,0,0,1,0,0,0,0,1,9,2,0,0,0.06666667,2,2,1,1,0.0,0.13333334,0.06666667,0.06666667,0.0,0.0,0.06666667,0.0,0.0,0.0,0.0,0.06666667,0.6,0.13333334,0.0,0.0,
0,0,4,14,0,7,8,5,1,0,0,0,0,0,0,0,0,0,0,0,1,0,0,0,0.4,1,0,1,1,0.2,0.0,0.0,0.0,0.0,0.0,0.0,0.0,0.0,0.0,0.0,0.0,0.2,0.0,0.0,0.0,
26,13,41,10,1,236,35,8,1,0,1,0,0,0,0,0,0,0,0,0,4,0,0,2,0.125,2,1,4,1,0.125,0.0,0.125,0.0,0.0,0.0,0.0,0.0,0.0,0.0,0.0,0.0,0.5,0.0,0.0,0.25,
26,13,41,10,1,236,35,23,1,2,1,1,0,1,0,0,1,1,0,2,10,1,0,2,0.0,3,1,1,1,0.04347826,0.08695652,0.04347826,0.04347826,0.0,0.04347826,0.0,0.0,0.04347826,0.04347826,0.0,0.08695652,0.4347826,0.04347826,0.0,0.08695652,
26,13,41,10,1,236,35,3,1,0,0,0,0,0,0,0,0,0,0,0,2,0,0,0,0.0,1,0,1,1,0.33333334,0.0,0.0,0.0,0.0,0.0,0.0,0.0,0.0,0.0,0.0,0.0,0.6666667,0.0,0.0,0.0,
54,13,27,14,0,234,42,7,2,3,0,0,0,0,0,0,0,0,0,0,1,0,0,0,0.42857143,1,0,4,1,0.2857143,0.42857143,0.0,0.0,0.0,0.0,0.0,0.0,0.0,0.0,0.0,0.0,0.14285715,0.0,0.0,0.0,
54,13,27,14,0,234,42,31,2,2,2,0,0,0,0,0,0,0,0,0,7,0,1,0,0.4516129,2,2,1,1,0.06451613,0.06451613,0.06451613,0.0,0.0,0.0,0.0,0.0,0.0,0.0,0.0,0.0,0.22580644,0.0,0.032258064,0.0,
OutTrace

/home/yongfeng/Documents/java/D4jProjects/Closure/Closure_80/ >> 80
5,4,1,2,0,1,0,1,365,1016,15,
118,12,161,20,1,974,57,69,2,0,2,0,0,0,0,0,0,0,0,0,33,14,0,13,0.20289855,4,21,2,1,0.028985508,0.0,0.028985508,0.0,0.0,0.0,0.0,0.0,0.0,0.0,0.0,0.0,0.47826087,0.20289855,0.0,0.1884058,
118,12,161,20,1,974,57,6,1,0,0,0,0,0,0,0,0,0,0,0,2,1,0,0,0.6666667,1,0,2,1,0.16666667,0.0,0.0,0.0,0.0,0.0,0.0,0.0,0.0,0.0,0.0,0.0,0.33333334,0.16666667,0.0,0.0,
OutTrace

/home/yongfeng/Documents/java/D4jProjects/Closure/Closure_19/ >> 19
3,10,5,8,0,1,0,1,403,1174,18,
17,8,76,26,0,162,39,24,3,2,0,0,0,0,0,0,0,0,0,1,9,0,0,2,0.25,1,3,3,1,0.125,0.083333336,0.0,0.0,0.0,0.0,0.0,0.0,0.0,0.0,0.0,0.041666668,0.375,0.0,0.0,0.083333336,
10,7,19,14,0,42,36,15,5,1,1,0,0,0,0,0,0,0,0,1,3,2,0,1,0.13333334,2,1,4,1,0.33333334,0.06666667,0.06666667,0.0,0.0,0.0,0.0,0.0,0.0,0.0,0.0,0.06666667,0.2,0.13333334,0.0,0.06666667,
10,7,19,14,0,42,36,23,3,6,4,0,0,0,0,0,0,0,0,0,17,2,0,6,0.0,5,4,1,1,0.13043478,0.26086956,0.17391305,0.0,0.0,0.0,0.0,0.0,0.0,0.0,0.0,0.0,0.73913044,0.08695652,0.0,0.26086956,
145,15,51,37,0,271,52,111,2,16,12,1,0,1,0,0,0,0,0,10,42,1,2,14,0.21621622,8,14,2,1,0.018018018,0.14414415,0.10810811,0.009009009,0.0,0.009009009,0.0,0.0,0.0,0.0,0.0,0.09009009,0.3783784,0.009009009,0.018018018,0.12612613,
15,0,6,16,0,15,14,12,1,3,1,1,1,0,0,0,0,0,0,1,10,2,2,2,0.0,3,1,3,1,0.083333336,0.25,0.083333336,0.083333336,0.083333336,0.0,0.0,0.0,0.0,0.0,0.0,0.083333336,0.8333333,0.16666667,0.16666667,0.16666667,
45,9,32,16,1,232,30,44,1,4,4,2,0,1,1,0,0,0,0,0,16,0,2,4,0.45454547,5,5,2,1,0.022727273,0.09090909,0.09090909,0.045454547,0.0,0.022727273,0.022727273,0.0,0.0,0.0,0.0,0.0,0.36363637,0.0,0.045454547,0.09090909,
45,9,32,16,1,232,30,6,0,0,0,0,0,0,0,0,0,0,0,0,1,0,0,0,1.0,1,0,2,1,0.0,0.0,0.0,0.0,0.0,0.0,0.0,0.0,0.0,0.0,0.0,0.0,0.16666667,0.0,0.0,0.0,
OutTrace

/home/yongfeng/Documents/java/D4jProjects/Closure/Closure_85/ >> 85
4,22,3,16,0,1,0,1,358,989,14,
100,9,138,18,1,900,47,4,2,0,0,0,0,0,0,0,0,0,0,0,3,1,0,5,0.25,1,0,2,1,0.5,0.0,0.0,0.0,0.0,0.0,0.0,0.0,0.0,0.0,0.0,0.0,0.75,0.25,0.0,1.25,
100,9,138,18,1,900,47,54,2,2,10,0,0,0,0,0,0,0,1,0,37,0,0,13,0.2962963,9,10,2,1,0.037037037,0.037037037,0.18518518,0.0,0.0,0.0,0.0,0.0,0.0,0.0,0.018518519,0.0,0.6851852,0.0,0.0,0.24074075,
12,5,7,14,0,64,25,37,1,2,4,0,0,0,0,0,0,0,0,0,16,3,1,6,0.13513513,5,7,4,1,0.027027028,0.054054055,0.10810811,0.0,0.0,0.0,0.0,0.0,0.0,0.0,0.0,0.0,0.43243244,0.08108108,0.027027028,0.16216215,
12,5,7,14,0,64,25,20,3,1,4,0,0,0,0,0,0,0,0,0,7,4,1,8,0.05,2,4,1,1,0.15,0.05,0.2,0.0,0.0,0.0,0.0,0.0,0.0,0.0,0.0,0.0,0.35,0.2,0.05,0.4,
26,13,41,10,1,236,35,28,2,3,2,1,1,0,0,0,0,0,0,4,8,1,1,2,0.17857143,4,4,4,1,0.071428575,0.10714286,0.071428575,0.035714287,0.035714287,0.0,0.0,0.0,0.0,0.0,0.0,0.14285715,0.2857143,0.035714287,0.035714287,0.071428575,
26,13,41,10,1,236,35,28,2,3,2,1,1,0,0,0,0,0,0,4,8,1,1,2,0.17857143,4,4,4,1,0.071428575,0.10714286,0.071428575,0.035714287,0.035714287,0.0,0.0,0.0,0.0,0.0,0.0,0.14285715,0.2857143,0.035714287,0.035714287,0.071428575,
26,13,41,10,1,236,35,28,2,3,2,1,1,0,0,0,0,0,0,4,8,1,1,2,0.17857143,4,4,4,1,0.071428575,0.10714286,0.071428575,0.035714287,0.035714287,0.0,0.0,0.0,0.0,0.0,0.0,0.14285715,0.2857143,0.035714287,0.035714287,0.071428575,
26,13,41,10,1,236,35,28,2,3,2,1,1,0,0,0,0,0,0,4,8,1,1,2,0.17857143,4,4,4,1,0.071428575,0.10714286,0.071428575,0.035714287,0.035714287,0.0,0.0,0.0,0.0,0.0,0.0,0.14285715,0.2857143,0.035714287,0.035714287,0.071428575,
26,13,41,10,1,236,35,28,2,3,2,1,1,0,0,0,0,0,0,4,8,1,1,2,0.17857143,4,4,4,1,0.071428575,0.10714286,0.071428575,0.035714287,0.035714287,0.0,0.0,0.0,0.0,0.0,0.0,0.14285715,0.2857143,0.035714287,0.035714287,0.071428575,
26,13,41,10,1,236,35,36,2,4,2,0,0,0,0,0,0,0,0,1,17,0,1,7,0.22222222,2,2,4,1,0.055555556,0.11111111,0.055555556,0.0,0.0,0.0,0.0,0.0,0.0,0.0,0.0,0.027777778,0.4722222,0.0,0.027777778,0.19444445,
26,13,41,10,1,236,35,28,2,3,2,1,1,0,0,0,0,0,0,4,8,1,1,2,0.17857143,4,4,4,1,0.071428575,0.10714286,0.071428575,0.035714287,0.035714287,0.0,0.0,0.0,0.0,0.0,0.0,0.14285715,0.2857143,0.035714287,0.035714287,0.071428575,
26,13,41,10,1,236,35,28,2,3,2,1,1,0,0,0,0,0,0,4,8,1,1,2,0.17857143,4,4,4,1,0.071428575,0.10714286,0.071428575,0.035714287,0.035714287,0.0,0.0,0.0,0.0,0.0,0.0,0.14285715,0.2857143,0.035714287,0.035714287,0.071428575,
26,13,41,10,1,236,35,28,2,3,2,1,1,0,0,0,0,0,0,4,8,1,1,2,0.17857143,4,4,4,1,0.071428575,0.10714286,0.071428575,0.035714287,0.035714287,0.0,0.0,0.0,0.0,0.0,0.0,0.14285715,0.2857143,0.035714287,0.035714287,0.071428575,
26,13,41,10,1,236,35,11,1,0,0,0,0,0,0,0,1,1,0,2,4,0,0,0,0.27272728,3,0,1,1,0.09090909,0.0,0.0,0.0,0.0,0.0,0.0,0.0,0.09090909,0.09090909,0.0,0.18181819,0.36363637,0.0,0.0,0.0,
26,13,41,10,1,236,35,5,3,1,0,0,0,0,0,0,0,0,0,0,1,0,0,0,0.6,1,0,1,1,0.6,0.2,0.0,0.0,0.0,0.0,0.0,0.0,0.0,0.0,0.0,0.0,0.2,0.0,0.0,0.0,
12,5,7,14,0,64,25,3,2,0,0,0,0,0,0,0,0,0,0,0,1,0,0,0,0.0,1,0,1,1,0.6666667,0.0,0.0,0.0,0.0,0.0,0.0,0.0,0.0,0.0,0.0,0.0,0.33333334,0.0,0.0,0.0,
OutTrace

/home/yongfeng/Documents/java/D4jProjects/Closure/Closure_53/ >> 53
4,24,6,17,0,1,0,0,407,1134,17,
50,1,10,16,0,108,32,60,3,12,1,3,2,1,0,0,0,0,0,5,37,0,1,6,0.21666667,2,1,4,1,0.05,0.2,0.016666668,0.05,0.033333335,0.016666668,0.0,0.0,0.0,0.0,0.0,0.083333336,0.6166667,0.0,0.016666668,0.1,
50,1,10,16,0,108,32,73,4,11,6,2,0,2,0,0,0,0,0,2,43,0,0,7,0.30136988,4,6,4,1,0.05479452,0.15068494,0.08219178,0.02739726,0.0,0.02739726,0.0,0.0,0.0,0.0,0.0,0.02739726,0.5890411,0.0,0.0,0.09589041,
50,1,10,16,0,108,32,24,2,5,2,1,1,0,0,0,0,0,0,0,11,0,0,0,0.16666667,3,2,1,1,0.083333336,0.20833333,0.083333336,0.041666668,0.041666668,0.0,0.0,0.0,0.0,0.0,0.0,0.0,0.45833334,0.0,0.0,0.0,
35,18,48,22,0,231,42,10,1,0,1,0,0,0,0,0,0,0,0,0,8,0,0,0,0.4,2,1,1,1,0.1,0.0,0.1,0.0,0.0,0.0,0.0,0.0,0.0,0.0,0.0,0.0,0.8,0.0,0.0,0.0,
26,14,42,11,1,239,36,11,0,0,2,0,0,0,0,0,0,0,0,0,5,0,0,1,0.09090909,2,2,4,1,0.0,0.0,0.18181819,0.0,0.0,0.0,0.0,0.0,0.0,0.0,0.0,0.0,0.45454547,0.0,0.0,0.09090909,
26,14,42,11,1,239,36,36,2,4,2,0,0,0,0,0,0,0,0,1,17,0,1,7,0.22222222,2,2,4,1,0.055555556,0.11111111,0.055555556,0.0,0.0,0.0,0.0,0.0,0.0,0.0,0.0,0.027777778,0.4722222,0.0,0.027777778,0.19444445,
26,14,42,11,1,239,36,29,2,3,2,1,1,0,0,0,0,0,0,5,9,1,1,2,0.1724138,4,4,4,1,0.06896552,0.10344828,0.06896552,0.03448276,0.03448276,0.0,0.0,0.0,0.0,0.0,0.0,0.1724138,0.31034482,0.03448276,0.03448276,0.06896552,
26,14,42,11,1,239,36,29,2,3,2,1,1,0,0,0,0,0,0,5,9,1,1,2,0.1724138,4,4,4,1,0.06896552,0.10344828,0.06896552,0.03448276,0.03448276,0.0,0.0,0.0,0.0,0.0,0.0,0.1724138,0.31034482,0.03448276,0.03448276,0.06896552,
26,14,42,11,1,239,36,29,2,3,2,1,1,0,0,0,0,0,0,5,9,1,1,2,0.1724138,4,4,4,1,0.06896552,0.10344828,0.06896552,0.03448276,0.03448276,0.0,0.0,0.0,0.0,0.0,0.0,0.1724138,0.31034482,0.03448276,0.03448276,0.06896552,
26,14,42,11,1,239,36,24,1,2,1,1,0,1,0,0,1,1,0,3,11,1,0,2,0.0,3,1,1,1,0.041666668,0.083333336,0.041666668,0.041666668,0.0,0.041666668,0.0,0.0,0.041666668,0.041666668,0.0,0.125,0.45833334,0.041666668,0.0,0.083333336,
26,14,42,11,1,239,36,5,3,1,0,0,0,0,0,0,0,0,0,0,1,0,0,0,0.6,1,0,1,1,0.6,0.2,0.0,0.0,0.0,0.0,0.0,0.0,0.0,0.0,0.0,0.0,0.2,0.0,0.0,0.0,
35,18,48,22,0,231,42,5,2,0,0,0,0,0,0,0,0,0,0,0,2,0,0,0,0.8,1,0,1,1,0.4,0.0,0.0,0.0,0.0,0.0,0.0,0.0,0.0,0.0,0.0,0.0,0.4,0.0,0.0,0.0,
51,4,11,16,0,131,34,5,2,1,0,0,0,0,0,0,0,0,0,0,1,0,0,0,0.0,1,0,1,1,0.4,0.2,0.0,0.0,0.0,0.0,0.0,0.0,0.0,0.0,0.0,0.0,0.2,0.0,0.0,0.0,
OutTrace

/home/yongfeng/Documents/java/D4jProjects/Closure/Closure_55/ >> 55
5,23,2,15,0,1,0,1,405,1124,17,
0,0,1,3,0,0,9,4,2,0,0,0,0,0,0,0,0,0,0,0,1,0,0,2,0.0,2,0,1,1,0.5,0.0,0.0,0.0,0.0,0.0,0.0,0.0,0.0,0.0,0.0,0.0,0.25,0.0,0.0,0.5,
26,1,66,3,0,44,50,3,2,0,0,0,0,0,0,0,0,0,0,0,1,0,0,0,0.0,1,0,4,1,0.6666667,0.0,0.0,0.0,0.0,0.0,0.0,0.0,0.0,0.0,0.0,0.0,0.33333334,0.0,0.0,0.0,
26,1,66,3,0,44,50,7,2,0,1,0,0,0,0,0,0,0,0,0,5,0,0,4,0.0,2,1,4,1,0.2857143,0.0,0.14285715,0.0,0.0,0.0,0.0,0.0,0.0,0.0,0.0,0.0,0.71428573,0.0,0.0,0.5714286,
26,1,66,3,0,44,50,7,1,0,0,0,0,0,0,0,0,0,0,0,8,0,0,0,0.0,1,0,4,1,0.14285715,0.0,0.0,0.0,0.0,0.0,0.0,0.0,0.0,0.0,0.0,0.0,1.1428572,0.0,0.0,0.0,
26,1,66,3,0,44,50,15,1,2,2,0,0,0,0,0,0,0,0,0,12,0,1,0,0.06666667,2,2,4,1,0.06666667,0.13333334,0.13333334,0.0,0.0,0.0,0.0,0.0,0.0,0.0,0.0,0.0,0.8,0.0,0.06666667,0.0,
26,1,66,3,0,44,50,16,1,0,0,0,0,0,0,0,0,0,0,0,7,3,0,1,0.0,1,4,4,1,0.0625,0.0,0.0,0.0,0.0,0.0,0.0,0.0,0.0,0.0,0.0,0.0,0.4375,0.1875,0.0,0.0625,
26,1,66,3,0,44,50,6,1,1,0,1,1,0,0,0,0,0,0,1,4,0,0,1,0.0,2,0,4,1,0.16666667,0.16666667,0.0,0.16666667,0.16666667,0.0,0.0,0.0,0.0,0.0,0.0,0.16666667,0.6666667,0.0,0.0,0.16666667,
26,1,66,3,0,44,50,121,1,0,0,0,0,0,0,0,0,0,0,0,20,16,0,1,0.041322313,1,62,1,1,0.008264462,0.0,0.0,0.0,0.0,0.0,0.0,0.0,0.0,0.0,0.0,0.0,0.16528925,0.1322314,0.0,0.008264462,
26,1,66,3,0,44,50,5,1,0,0,0,0,0,0,0,0,0,0,0,5,0,0,0,0.0,1,0,4,1,0.2,0.0,0.0,0.0,0.0,0.0,0.0,0.0,0.0,0.0,0.0,0.0,1.0,0.0,0.0,0.0,
26,1,66,3,0,44,50,121,1,0,0,0,0,0,0,0,0,0,0,0,20,16,0,1,0.041322313,1,62,1,1,0.008264462,0.0,0.0,0.0,0.0,0.0,0.0,0.0,0.0,0.0,0.0,0.0,0.16528925,0.1322314,0.0,0.008264462,
26,1,66,3,0,44,50,5,1,0,0,0,0,0,0,0,0,0,0,0,4,0,0,0,0.0,1,0,4,1,0.2,0.0,0.0,0.0,0.0,0.0,0.0,0.0,0.0,0.0,0.0,0.0,0.8,0.0,0.0,0.0,
26,1,66,3,0,44,50,61,1,0,0,0,0,0,0,0,0,0,0,0,22,18,0,2,0.0,1,19,1,1,0.016393442,0.0,0.0,0.0,0.0,0.0,0.0,0.0,0.0,0.0,0.0,0.0,0.36065573,0.29508197,0.0,0.032786883,
26,1,66,3,0,44,50,9,1,1,0,1,1,0,0,0,0,0,0,1,7,0,0,1,0.0,2,0,1,1,0.11111111,0.11111111,0.0,0.11111111,0.11111111,0.0,0.0,0.0,0.0,0.0,0.0,0.11111111,0.7777778,0.0,0.0,0.11111111,
26,1,66,3,0,44,50,7,1,1,0,1,1,0,0,0,0,0,0,1,5,0,0,1,0.0,2,0,1,1,0.14285715,0.14285715,0.0,0.14285715,0.14285715,0.0,0.0,0.0,0.0,0.0,0.0,0.14285715,0.71428573,0.0,0.0,0.14285715,
26,1,66,3,0,44,50,7,1,0,0,0,0,0,0,0,0,0,0,0,7,0,0,0,0.0,1,0,1,1,0.14285715,0.0,0.0,0.0,0.0,0.0,0.0,0.0,0.0,0.0,0.0,0.0,1.0,0.0,0.0,0.0,
OutTrace

/home/yongfeng/Documents/java/D4jProjects/Closure/Closure_58/ >> 58
5,12,3,8,0,1,1,0,405,1121,17,
17,4,16,10,0,68,22,11,2,2,2,0,0,0,0,0,0,0,0,0,7,1,2,0,0.0,2,2,4,1,0.18181819,0.18181819,0.18181819,0.0,0.0,0.0,0.0,0.0,0.0,0.0,0.0,0.0,0.6363636,0.09090909,0.18181819,0.0,
17,4,16,10,0,68,22,98,4,5,8,2,2,0,0,0,0,0,0,3,45,8,4,3,0.1632653,6,21,4,1,0.040816326,0.05102041,0.08163265,0.020408163,0.020408163,0.0,0.0,0.0,0.0,0.0,0.0,0.030612245,0.45918366,0.08163265,0.040816326,0.030612245,
17,4,16,10,0,68,22,19,2,6,1,1,0,1,0,0,0,0,0,1,9,1,0,0,0.10526316,3,1,2,1,0.10526316,0.31578946,0.05263158,0.05263158,0.0,0.05263158,0.0,0.0,0.0,0.0,0.0,0.05263158,0.47368422,0.05263158,0.0,0.0,
45,9,32,16,1,232,32,14,1,3,1,0,0,0,0,0,0,0,0,2,8,2,2,0,0.35714287,2,1,3,1,0.071428575,0.21428572,0.071428575,0.0,0.0,0.0,0.0,0.0,0.0,0.0,0.0,0.14285715,0.5714286,0.14285715,0.14285715,0.0,
45,9,32,16,1,232,32,44,1,4,4,2,0,1,1,0,0,0,0,0,16,0,2,4,0.45454547,5,5,2,1,0.022727273,0.09090909,0.09090909,0.045454547,0.0,0.022727273,0.022727273,0.0,0.0,0.0,0.0,0.0,0.36363637,0.0,0.045454547,0.09090909,
45,9,32,16,1,232,32,6,0,0,0,0,0,0,0,0,0,0,0,0,1,0,0,0,1.0,1,0,2,1,0.0,0.0,0.0,0.0,0.0,0.0,0.0,0.0,0.0,0.0,0.0,0.0,0.16666667,0.0,0.0,0.0,
InTrace

/home/yongfeng/Documents/java/D4jProjects/Closure/Closure_27/ >> 27
5,3,2,2,1,1,1,0,401,1161,18,
24,0,70,2,1,72,24,6,2,1,0,0,0,0,0,0,0,0,2,0,6,1,0,0,0.0,1,0,1,1,0.33333334,0.16666667,0.0,0.0,0.0,0.0,0.0,0.0,0.0,0.0,0.33333334,0.0,1.0,0.16666667,0.0,0.0,
InTrace

/home/yongfeng/Documents/java/D4jProjects/Closure/Closure_125/ >> 125
5,25,4,18,0,1,1,0,421,1234,20,
75,16,70,13,0,368,50,8,0,0,0,0,0,0,0,0,0,0,0,0,3,1,0,0,0.625,1,0,1,1,0.0,0.0,0.0,0.0,0.0,0.0,0.0,0.0,0.0,0.0,0.0,0.0,0.375,0.125,0.0,0.0,
167,53,40,31,0,449,61,16,2,3,2,0,0,0,0,0,0,0,0,0,13,0,0,3,0.1875,3,2,4,1,0.125,0.1875,0.125,0.0,0.0,0.0,0.0,0.0,0.0,0.0,0.0,0.0,0.8125,0.0,0.0,0.1875,
167,53,40,31,0,449,61,391,3,19,20,1,0,1,0,0,0,0,0,35,149,0,6,14,0.0971867,6,109,1,1,0.0076726344,0.04859335,0.051150896,0.0025575447,0.0,0.0025575447,0.0,0.0,0.0,0.0,0.0,0.08951407,0.38107416,0.0,0.015345269,0.035805628,
32,14,51,11,1,260,39,27,2,3,3,1,1,0,0,0,0,0,0,5,9,1,1,3,0.18518518,3,3,4,1,0.074074075,0.11111111,0.11111111,0.037037037,0.037037037,0.0,0.0,0.0,0.0,0.0,0.0,0.18518518,0.33333334,0.037037037,0.037037037,0.11111111,
32,14,51,11,1,260,39,27,2,3,3,1,1,0,0,0,0,0,0,5,9,1,1,3,0.18518518,3,3,4,1,0.074074075,0.11111111,0.11111111,0.037037037,0.037037037,0.0,0.0,0.0,0.0,0.0,0.0,0.18518518,0.33333334,0.037037037,0.037037037,0.11111111,
32,14,51,11,1,260,39,27,2,3,3,1,1,0,0,0,0,0,0,5,9,1,1,3,0.18518518,3,3,4,1,0.074074075,0.11111111,0.11111111,0.037037037,0.037037037,0.0,0.0,0.0,0.0,0.0,0.0,0.18518518,0.33333334,0.037037037,0.037037037,0.11111111,
32,14,51,11,1,260,39,27,2,3,3,1,1,0,0,0,0,0,0,5,9,1,1,3,0.18518518,3,3,4,1,0.074074075,0.11111111,0.11111111,0.037037037,0.037037037,0.0,0.0,0.0,0.0,0.0,0.0,0.18518518,0.33333334,0.037037037,0.037037037,0.11111111,
32,14,51,11,1,260,39,27,2,3,3,1,1,0,0,0,0,0,0,5,9,1,1,3,0.18518518,3,3,4,1,0.074074075,0.11111111,0.11111111,0.037037037,0.037037037,0.0,0.0,0.0,0.0,0.0,0.0,0.18518518,0.33333334,0.037037037,0.037037037,0.11111111,
32,14,51,11,1,260,39,34,2,4,2,0,0,0,0,0,0,0,0,1,17,0,1,5,0.1764706,2,2,4,1,0.05882353,0.11764706,0.05882353,0.0,0.0,0.0,0.0,0.0,0.0,0.0,0.0,0.029411765,0.5,0.0,0.029411765,0.14705883,
32,14,51,11,1,260,39,27,2,3,3,1,1,0,0,0,0,0,0,5,9,1,1,3,0.18518518,3,3,4,1,0.074074075,0.11111111,0.11111111,0.037037037,0.037037037,0.0,0.0,0.0,0.0,0.0,0.0,0.18518518,0.33333334,0.037037037,0.037037037,0.11111111,
32,14,51,11,1,260,39,27,2,3,3,1,1,0,0,0,0,0,0,5,9,1,1,3,0.18518518,3,3,4,1,0.074074075,0.11111111,0.11111111,0.037037037,0.037037037,0.0,0.0,0.0,0.0,0.0,0.0,0.18518518,0.33333334,0.037037037,0.037037037,0.11111111,
32,14,51,11,1,260,39,27,2,3,3,1,1,0,0,0,0,0,0,5,9,1,1,3,0.18518518,3,3,4,1,0.074074075,0.11111111,0.11111111,0.037037037,0.037037037,0.0,0.0,0.0,0.0,0.0,0.0,0.18518518,0.33333334,0.037037037,0.037037037,0.11111111,
32,14,51,11,1,260,39,27,2,3,3,1,1,0,0,0,0,0,0,5,9,1,1,3,0.18518518,3,3,4,1,0.074074075,0.11111111,0.11111111,0.037037037,0.037037037,0.0,0.0,0.0,0.0,0.0,0.0,0.18518518,0.33333334,0.037037037,0.037037037,0.11111111,
32,14,51,11,1,260,39,12,2,0,0,0,0,0,0,0,0,0,0,3,5,0,0,0,0.41666666,1,0,2,1,0.16666667,0.0,0.0,0.0,0.0,0.0,0.0,0.0,0.0,0.0,0.0,0.25,0.41666666,0.0,0.0,0.0,
167,53,40,31,0,449,61,12,2,1,1,0,0,0,0,0,0,0,0,1,4,0,0,0,0.0,2,1,1,1,0.16666667,0.083333336,0.083333336,0.0,0.0,0.0,0.0,0.0,0.0,0.0,0.0,0.083333336,0.33333334,0.0,0.0,0.0,
167,53,40,31,0,449,61,20,2,1,1,0,0,0,0,0,0,0,0,0,8,0,0,4,0.35,2,1,1,1,0.1,0.05,0.05,0.0,0.0,0.0,0.0,0.0,0.0,0.0,0.0,0.0,0.4,0.0,0.0,0.2,
167,53,40,31,0,449,61,18,2,2,0,0,0,0,0,0,0,0,0,2,8,1,0,3,0.055555556,1,0,1,1,0.11111111,0.11111111,0.0,0.0,0.0,0.0,0.0,0.0,0.0,0.0,0.0,0.11111111,0.44444445,0.055555556,0.0,0.16666667,
OutTrace

/home/yongfeng/Documents/java/D4jProjects/Lang/Lang_1/ >> 1
2,7,1,2,1,0,0,1,108,158,16,
57,18,47,4,1,882,27,16,1,0,1,0,0,0,0,0,0,0,0,0,1,2,0,1,0.6875,2,1,1,1,0.0625,0.0,0.0625,0.0,0.0,0.0,0.0,0.0,0.0,0.0,0.0,0.0,0.0625,0.125,0.0,0.0625,
57,18,47,4,1,882,27,195,1,18,22,1,0,1,0,0,8,8,0,12,55,15,14,61,0.548718,7,29,1,1,0.0051282053,0.092307694,0.11282051,0.0051282053,0.0,0.0051282053,0.0,0.0,0.041025642,0.041025642,0.0,0.06153846,0.2820513,0.07692308,0.071794875,0.31282052,
OutTrace

/home/yongfeng/Documents/java/D4jProjects/Lang/Lang_33/ >> 33
1,2,1,1,1,1,1,1,80,119,14,
37,8,35,8,1,589,37,20,1,2,2,1,1,0,0,0,0,0,0,1,1,3,1,3,0.5,3,2,1,1,0.05,0.1,0.1,0.05,0.05,0.0,0.0,0.0,0.0,0.0,0.0,0.05,0.05,0.15,0.05,0.15,
InTrace

/home/yongfeng/Documents/java/D4jProjects/Lang/Lang_36/ >> 36
2,2,1,1,1,1,0,1,79,117,14,
48,18,46,3,1,839,25,173,1,13,17,0,0,0,0,0,8,8,0,10,50,14,14,50,0.47398844,7,24,1,1,0.0057803467,0.07514451,0.098265894,0.0,0.0,0.0,0.0,0.0,0.046242774,0.046242774,0.0,0.057803467,0.28901735,0.08092485,0.08092485,0.28901735,
OutTrace

/home/yongfeng/Documents/java/D4jProjects/Lang/Lang_5/ >> 5
3,3,1,1,1,1,0,1,108,158,16,
15,4,8,9,1,162,18,67,1,5,11,0,0,0,0,0,0,0,0,0,18,5,4,18,0.41791046,2,11,1,1,0.014925373,0.07462686,0.1641791,0.0,0.0,0.0,0.0,0.0,0.0,0.0,0.0,0.0,0.26865673,0.07462686,0.05970149,0.26865673,
OutTrace

/home/yongfeng/Documents/java/D4jProjects/Lang/Lang_37/ >> 37
16,3,1,1,1,0,1,1,79,117,14,
170,20,173,6,1,3011,32,34,2,2,2,0,0,0,0,0,0,0,0,0,7,3,0,3,0.6764706,3,2,1,1,0.05882353,0.05882353,0.05882353,0.0,0.0,0.0,0.0,0.0,0.0,0.0,0.0,0.0,0.20588236,0.0882353,0.0,0.0882353,
InTrace

/home/yongfeng/Documents/java/D4jProjects/Lang/Lang_6/ >> 6
11,6,2,3,0,0,0,1,107,157,16,
7,0,5,4,1,77,18,32,2,5,3,2,1,0,1,0,0,0,0,2,7,1,1,5,0.3125,3,4,1,1,0.0625,0.15625,0.09375,0.0625,0.03125,0.0,0.03125,0.0,0.0,0.0,0.0,0.0625,0.21875,0.03125,0.03125,0.15625,
7,0,5,4,1,77,18,17,1,1,1,0,0,0,0,0,1,1,0,0,3,2,0,2,0.3529412,3,1,1,1,0.05882353,0.05882353,0.05882353,0.0,0.0,0.0,0.0,0.0,0.05882353,0.05882353,0.0,0.0,0.1764706,0.11764706,0.0,0.11764706,
1,20,14,10,1,375,23,23,1,0,0,0,0,0,0,0,0,0,0,0,1,1,0,0,1.0,1,0,1,1,0.04347826,0.0,0.0,0.0,0.0,0.0,0.0,0.0,0.0,0.0,0.0,0.0,0.04347826,0.04347826,0.0,0.0,
InTrace

/home/yongfeng/Documents/java/D4jProjects/Lang/Lang_39/ >> 39
1,3,1,2,0,1,1,1,79,117,14,
230,3,150,4,1,4067,38,173,5,17,12,6,5,0,1,0,0,0,0,14,19,4,18,53,0.38728324,5,13,4,1,0.028901733,0.098265894,0.06936416,0.03468208,0.028901733,0.0,0.0057803467,0.0,0.0,0.0,0.0,0.08092485,0.10982659,0.023121387,0.10404624,0.30635837,
230,3,150,4,1,4067,38,39,3,0,0,0,0,0,0,0,0,0,0,0,1,1,0,0,1.0,1,0,1,1,0.07692308,0.0,0.0,0.0,0.0,0.0,0.0,0.0,0.0,0.0,0.0,0.0,0.025641026,0.025641026,0.0,0.0,
InTrace

/home/yongfeng/Documents/java/D4jProjects/Lang/Lang_12/ >> 12
10,3,1,2,0,1,0,1,106,157,16,
3,1,11,1,1,243,10,99,7,3,11,1,0,0,1,0,0,0,0,10,6,2,11,32,0.36363637,6,12,1,1,0.07070707,0.030303031,0.11111111,0.01010101,0.0,0.0,0.01010101,0.0,0.0,0.0,0.0,0.1010101,0.060606062,0.02020202,0.11111111,0.32323232,
3,1,11,1,1,243,10,18,2,0,1,0,0,0,0,0,0,0,0,0,2,2,0,1,0.6666667,2,1,1,1,0.11111111,0.0,0.055555556,0.0,0.0,0.0,0.0,0.0,0.0,0.0,0.0,0.0,0.11111111,0.11111111,0.0,0.055555556,
OutTrace

/home/yongfeng/Documents/java/D4jProjects/Lang/Lang_44/ >> 44
11,3,1,1,1,0,0,1,85,126,13,
30,0,18,2,1,381,19,169,1,13,17,0,0,0,0,0,8,8,0,10,50,14,14,51,0.4556213,7,24,1,1,0.00591716,0.07692308,0.10059172,0.0,0.0,0.0,0.0,0.0,0.04733728,0.04733728,0.0,0.0591716,0.295858,0.082840234,0.082840234,0.30177516,
OutTrace

/home/yongfeng/Documents/java/D4jProjects/Lang/Lang_13/ >> 13
22,13,3,5,1,0,0,0,106,158,16,
1,1,1,11,0,36,14,17,1,1,0,0,0,0,0,0,1,1,0,0,5,2,0,0,0.47058824,3,0,3,1,0.05882353,0.05882353,0.0,0.0,0.0,0.0,0.0,0.0,0.05882353,0.05882353,0.0,0.0,0.29411766,0.11764706,0.0,0.0,
9,1,6,11,1,172,25,48,1,4,2,0,0,0,0,0,2,3,1,1,5,2,0,2,0.47916666,4,2,1,1,0.020833334,0.083333336,0.041666668,0.0,0.0,0.0,0.0,0.0,0.041666668,0.0625,0.020833334,0.020833334,0.104166664,0.041666668,0.0,0.041666668,
InTrace

/home/yongfeng/Documents/java/D4jProjects/Lang/Lang_45/ >> 45
11,3,1,1,1,0,0,1,84,125,13,
33,0,13,0,1,430,11,59,4,2,7,0,0,0,0,0,0,0,0,2,18,3,2,9,0.47457626,3,7,1,1,0.06779661,0.033898305,0.118644066,0.0,0.0,0.0,0.0,0.0,0.0,0.0,0.0,0.033898305,0.30508474,0.050847456,0.033898305,0.15254237,
OutTrace

/home/yongfeng/Documents/java/D4jProjects/Lang/Lang_47/ >> 47
1,2,1,1,1,1,1,1,88,134,12,
105,8,146,7,0,1618,28,29,3,4,2,1,1,0,0,0,0,0,0,2,6,1,1,9,0.41379312,4,2,1,1,0.10344828,0.13793103,0.06896552,0.03448276,0.03448276,0.0,0.0,0.0,0.0,0.0,0.0,0.06896552,0.20689656,0.03448276,0.03448276,0.31034482,
InTrace

/home/yongfeng/Documents/java/D4jProjects/Lang/Lang_16/ >> 16
2,2,1,1,1,1,0,1,105,149,17,
48,18,46,3,1,845,25,176,1,13,18,0,0,0,0,0,8,8,0,10,52,14,14,56,0.5113636,7,25,1,1,0.0056818184,0.07386363,0.10227273,0.0,0.0,0.0,0.0,0.0,0.045454547,0.045454547,0.0,0.056818184,0.29545453,0.07954545,0.07954545,0.3181818,
OutTrace

/home/yongfeng/Documents/java/D4jProjects/Lang/Lang_51/ >> 51
11,3,1,1,1,0,0,1,77,119,12,
7,0,36,1,1,716,12,75,1,4,6,0,0,0,0,0,0,0,0,0,25,8,0,49,0.44,5,9,1,1,0.013333334,0.053333335,0.08,0.0,0.0,0.0,0.0,0.0,0.0,0.0,0.0,0.0,0.33333334,0.10666667,0.0,0.6533333,
OutTrace

/home/yongfeng/Documents/java/D4jProjects/Lang/Lang_19/ >> 19
11,5,2,3,0,0,0,1,99,141,16,
7,0,1,2,0,31,15,47,3,7,4,1,0,0,1,0,1,1,0,3,17,3,2,23,0.12765957,4,5,1,1,0.06382979,0.14893617,0.08510638,0.021276595,0.0,0.0,0.021276595,0.0,0.021276595,0.021276595,0.0,0.06382979,0.3617021,0.06382979,0.04255319,0.4893617,
6,0,5,4,1,80,17,39,2,4,4,2,2,0,0,0,0,0,0,1,8,1,4,7,0.33333334,5,4,1,1,0.051282052,0.102564104,0.102564104,0.051282052,0.051282052,0.0,0.0,0.0,0.0,0.0,0.0,0.025641026,0.20512821,0.025641026,0.102564104,0.17948718,
6,0,5,4,1,80,17,17,1,1,1,0,0,0,0,0,1,1,0,0,3,2,0,2,0.3529412,3,1,1,1,0.05882353,0.05882353,0.05882353,0.0,0.0,0.0,0.0,0.0,0.05882353,0.05882353,0.0,0.0,0.1764706,0.11764706,0.0,0.11764706,
InTrace

/home/yongfeng/Documents/java/D4jProjects/Lang/Lang_20/ >> 20
1,2,1,1,1,1,1,1,99,141,16,
270,11,164,8,1,4554,39,48,4,3,4,1,1,0,0,0,0,0,0,0,5,3,1,8,0.5416667,3,4,1,1,0.083333336,0.0625,0.083333336,0.020833334,0.020833334,0.0,0.0,0.0,0.0,0.0,0.0,0.0,0.104166664,0.0625,0.020833334,0.16666667,
InTrace

/home/yongfeng/Documents/java/D4jProjects/Lang/Lang_54/ >> 54
3,3,1,1,1,1,0,1,77,119,12,
16,4,8,9,1,164,16,60,1,5,8,0,0,0,0,0,0,0,0,0,12,4,0,29,0.46666667,4,8,1,1,0.016666668,0.083333336,0.13333334,0.0,0.0,0.0,0.0,0.0,0.0,0.0,0.0,0.0,0.2,0.06666667,0.0,0.48333332,
OutTrace

/home/yongfeng/Documents/java/D4jProjects/Lang/Lang_56/ >> 56
21,9,1,1,1,0,0,1,77,119,12,
4,0,5,8,1,130,18,38,2,1,2,0,0,0,0,0,2,2,1,1,2,0,0,2,0.5,4,2,1,1,0.05263158,0.02631579,0.05263158,0.0,0.0,0.0,0.0,0.0,0.05263158,0.05263158,0.02631579,0.02631579,0.05263158,0.0,0.0,0.05263158,
OutTrace

/home/yongfeng/Documents/java/D4jProjects/Lang/Lang_57/ >> 57
1,2,1,1,1,1,1,1,77,119,12,
16,4,8,9,1,164,16,7,1,0,0,0,0,0,0,0,0,0,0,0,1,1,0,0,1.0,1,0,1,1,0.14285715,0.0,0.0,0.0,0.0,0.0,0.0,0.0,0.0,0.0,0.0,0.0,0.14285715,0.14285715,0.0,0.0,
InTrace

/home/yongfeng/Documents/java/D4jProjects/Lang/Lang_58/ >> 58
2,2,1,1,1,1,0,1,77,119,12,
58,18,52,3,1,946,25,174,1,13,17,0,0,0,0,0,8,8,0,10,51,14,14,50,0.47126436,7,24,1,1,0.0057471264,0.07471264,0.09770115,0.0,0.0,0.0,0.0,0.0,0.04597701,0.04597701,0.0,0.057471264,0.29310346,0.08045977,0.08045977,0.28735632,
OutTrace

/home/yongfeng/Documents/java/D4jProjects/Lang/Lang_27/ >> 27
11,4,1,1,1,0,0,1,90,129,15,
48,18,46,3,1,845,25,173,1,13,17,0,0,0,0,0,8,8,0,10,50,14,14,52,0.47398844,7,24,1,1,0.0057803467,0.07514451,0.098265894,0.0,0.0,0.0,0.0,0.0,0.046242774,0.046242774,0.0,0.057803467,0.28901735,0.08092485,0.08092485,0.30057803,
InTrace

/home/yongfeng/Documents/java/D4jProjects/Lang/Lang_59/ >> 59
10,3,1,1,1,0,1,1,77,119,12,
103,8,124,7,0,1354,28,29,3,4,2,1,1,0,0,0,0,0,0,2,6,1,1,8,0.37931034,4,2,1,1,0.10344828,0.13793103,0.06896552,0.03448276,0.03448276,0.0,0.0,0.0,0.0,0.0,0.0,0.06896552,0.20689656,0.03448276,0.03448276,0.27586207,
InTrace

/home/yongfeng/Documents/java/D4jProjects/Lang/Lang_61/ >> 61
10,4,1,2,1,0,1,1,77,119,12,
103,8,124,7,0,1354,28,13,3,0,0,0,0,0,0,0,0,0,0,1,1,0,0,1,0.6923077,1,0,4,1,0.23076923,0.0,0.0,0.0,0.0,0.0,0.0,0.0,0.0,0.0,0.0,0.07692308,0.07692308,0.0,0.0,0.07692308,
103,8,124,7,0,1354,28,15,1,2,1,1,0,0,1,0,0,0,0,1,4,1,0,4,0.46666667,3,2,1,1,0.06666667,0.13333334,0.06666667,0.06666667,0.0,0.0,0.06666667,0.0,0.0,0.0,0.0,0.06666667,0.26666668,0.06666667,0.0,0.26666668,
OutTrace

/home/yongfeng/Documents/java/D4jProjects/Math/Math_1/ >> 1
21,3,1,2,0,1,0,1,813,858,69,
36,18,44,12,0,695,27,98,4,14,6,1,0,0,0,1,0,0,0,15,10,1,2,21,0.3877551,3,6,4,1,0.040816326,0.14285715,0.06122449,0.010204081,0.0,0.0,0.0,0.010204081,0.0,0.0,0.0,0.15306123,0.10204082,0.010204081,0.020408163,0.21428572,
36,18,44,12,0,695,27,18,2,0,0,0,0,0,0,0,0,0,0,0,1,0,0,0,0.9444444,1,0,1,1,0.11111111,0.0,0.0,0.0,0.0,0.0,0.0,0.0,0.0,0.0,0.0,0.0,0.055555556,0.0,0.0,0.0,
InTrace

/home/yongfeng/Documents/java/D4jProjects/Math/Math_3/ >> 3
10,2,1,1,1,1,0,1,795,835,68,
206,3,44,17,1,759,38,76,2,23,2,3,3,0,0,0,0,0,0,8,1,1,3,38,0.2631579,3,2,1,1,0.02631579,0.3026316,0.02631579,0.039473683,0.039473683,0.0,0.0,0.0,0.0,0.0,0.0,0.10526316,0.013157895,0.013157895,0.039473683,0.5,
OutTrace

/home/yongfeng/Documents/java/D4jProjects/Math/Math_4/ >> 4
1,4,2,3,1,1,1,1,792,831,68,
15,2,15,9,0,157,16,10,1,0,0,0,0,0,0,0,0,0,0,0,2,1,0,0,0.7,1,0,1,1,0.1,0.0,0.0,0.0,0.0,0.0,0.0,0.0,0.0,0.0,0.0,0.0,0.2,0.1,0.0,0.0,
15,2,15,9,0,157,16,5,1,0,0,0,0,0,0,0,0,0,0,0,1,1,0,0,0.6,1,0,1,1,0.2,0.0,0.0,0.0,0.0,0.0,0.0,0.0,0.0,0.0,0.0,0.0,0.2,0.2,0.0,0.0,
9,2,3,7,1,99,11,33,2,3,1,0,0,0,0,0,0,0,0,0,5,2,0,6,0.5151515,2,1,1,1,0.060606062,0.09090909,0.030303031,0.0,0.0,0.0,0.0,0.0,0.0,0.0,0.0,0.0,0.15151516,0.060606062,0.0,0.18181819,
OutTrace

/home/yongfeng/Documents/java/D4jProjects/Math/Math_70/ >> 70
1,4,1,3,0,1,1,1,414,436,42,
4,0,4,3,0,51,12,33,3,4,2,1,0,0,1,0,0,0,0,6,8,1,1,5,0.09090909,3,3,1,1,0.09090909,0.121212125,0.060606062,0.030303031,0.0,0.0,0.030303031,0.0,0.0,0.0,0.0,0.18181819,0.24242425,0.030303031,0.030303031,0.15151516,
4,0,4,3,0,51,12,4,2,0,0,0,0,0,0,0,0,0,0,0,1,1,0,0,0.25,1,0,1,1,0.5,0.0,0.0,0.0,0.0,0.0,0.0,0.0,0.0,0.0,0.0,0.0,0.25,0.25,0.0,0.0,
4,0,4,3,0,51,12,4,4,0,0,0,0,0,0,0,0,0,0,0,1,1,0,0,0.25,1,0,1,1,1.0,0.0,0.0,0.0,0.0,0.0,0.0,0.0,0.0,0.0,0.0,0.0,0.25,0.25,0.0,0.0,
InTrace

/home/yongfeng/Documents/java/D4jProjects/Math/Math_8/ >> 8
16,2,1,1,1,1,0,1,759,794,63,
12,3,5,11,1,109,20,22,1,2,1,1,1,0,0,0,0,0,0,1,4,1,1,2,0.36363637,2,1,1,1,0.045454547,0.09090909,0.045454547,0.045454547,0.045454547,0.0,0.0,0.0,0.0,0.0,0.0,0.045454547,0.18181819,0.045454547,0.045454547,0.09090909,
OutTrace

/home/yongfeng/Documents/java/D4jProjects/Math/Math_78/ >> 78
21,4,3,3,1,1,0,1,393,361,41,
6,13,41,11,0,332,38,28,2,0,0,0,0,0,0,0,0,0,0,0,4,3,1,0,0.35714287,2,0,1,1,0.071428575,0.0,0.0,0.0,0.0,0.0,0.0,0.0,0.0,0.0,0.0,0.0,0.14285715,0.10714286,0.035714287,0.0,
17,1,5,4,0,149,15,64,3,4,5,0,0,0,0,0,0,0,0,5,10,1,0,7,0.34375,4,5,1,1,0.046875,0.0625,0.078125,0.0,0.0,0.0,0.0,0.0,0.0,0.0,0.0,0.078125,0.15625,0.015625,0.0,0.109375,
12,13,11,7,1,193,19,108,2,12,6,1,1,0,0,0,2,3,0,11,22,4,2,27,0.2962963,7,6,1,1,0.018518519,0.11111111,0.055555556,0.009259259,0.009259259,0.0,0.0,0.0,0.018518519,0.027777778,0.0,0.10185185,0.2037037,0.037037037,0.018518519,0.25,
OutTrace

/home/yongfeng/Documents/java/D4jProjects/Math/Math_79/ >> 79
1,3,1,2,1,1,1,1,393,361,41,
25,1,4,4,1,87,11,13,2,2,0,1,0,1,0,0,0,0,0,0,2,0,0,0,0.53846157,2,0,4,1,0.15384616,0.15384616,0.0,0.07692308,0.0,0.07692308,0.0,0.0,0.0,0.0,0.0,0.0,0.15384616,0.0,0.0,0.0,
25,1,4,4,1,87,11,35,3,7,2,2,1,1,0,0,0,0,0,2,9,2,3,2,0.31428573,4,2,1,1,0.08571429,0.2,0.057142857,0.057142857,0.028571429,0.028571429,0.0,0.0,0.0,0.0,0.0,0.057142857,0.25714287,0.057142857,0.08571429,0.057142857,
OutTrace

/home/yongfeng/Documents/java/D4jProjects/Math/Math_81/ >> 81
10,7,1,6,1,1,0,1,393,361,41,
264,34,39,6,0,575,29,251,3,34,36,4,4,0,0,0,0,0,0,64,20,11,15,243,0.09561753,8,40,4,1,0.011952192,0.13545817,0.1434263,0.015936255,0.015936255,0.0,0.0,0.0,0.0,0.0,0.0,0.2549801,0.07968128,0.043824703,0.059760958,0.9681275,
264,34,39,6,0,575,29,144,2,8,15,2,2,0,0,0,0,0,0,28,19,4,2,149,0.2013889,8,15,4,1,0.013888889,0.055555556,0.104166664,0.013888889,0.013888889,0.0,0.0,0.0,0.0,0.0,0.0,0.19444445,0.13194445,0.027777778,0.013888889,1.0347222,
264,34,39,6,0,575,29,117,1,16,6,5,4,0,1,0,0,0,0,36,12,1,5,81,0.20512821,6,7,4,1,0.008547009,0.13675214,0.051282052,0.042735044,0.034188036,0.0,0.008547009,0.0,0.0,0.0,0.0,0.30769232,0.102564104,0.008547009,0.042735044,0.6923077,
264,34,39,6,0,575,29,76,0,16,1,4,3,1,0,0,0,0,0,8,10,0,4,25,0.18421052,6,5,4,1,0.0,0.21052632,0.013157895,0.05263158,0.039473683,0.013157895,0.0,0.0,0.0,0.0,0.0,0.10526316,0.13157895,0.0,0.05263158,0.32894737,
264,34,39,6,0,575,29,19,0,0,0,0,0,0,0,0,0,0,0,5,2,0,0,1,0.42105263,1,0,4,1,0.0,0.0,0.0,0.0,0.0,0.0,0.0,0.0,0.0,0.0,0.0,0.2631579,0.10526316,0.0,0.0,0.05263158,
264,34,39,6,0,575,29,29,3,2,0,1,1,0,0,0,0,0,0,6,4,0,1,2,0.37931034,2,0,1,1,0.10344828,0.06896552,0.0,0.03448276,0.03448276,0.0,0.0,0.0,0.0,0.0,0.0,0.20689656,0.13793103,0.0,0.03448276,0.06896552,
OutTrace

/home/yongfeng/Documents/java/D4jProjects/Math/Math_19/ >> 19
21,8,4,6,1,1,0,1,663,667,53,
0,5,9,10,0,117,13,15,1,0,0,0,0,0,0,0,1,1,0,0,3,1,0,0,0.53333336,3,0,3,1,0.06666667,0.0,0.0,0.0,0.0,0.0,0.0,0.0,0.06666667,0.06666667,0.0,0.0,0.2,0.06666667,0.0,0.0,
14,2,8,23,1,72,8,17,1,2,1,0,0,0,0,0,0,0,0,2,6,1,1,3,0.23529412,2,1,1,1,0.05882353,0.11764706,0.05882353,0.0,0.0,0.0,0.0,0.0,0.0,0.0,0.0,0.11764706,0.3529412,0.05882353,0.05882353,0.1764706,
152,56,47,23,0,765,33,145,0,26,19,5,5,0,0,0,1,1,0,15,71,1,9,54,0.13793103,5,19,3,1,0.0,0.17931035,0.13103448,0.03448276,0.03448276,0.0,0.0,0.0,0.0068965517,0.0068965517,0.0,0.10344828,0.48965517,0.0068965517,0.062068965,0.37241378,
0,5,9,10,0,117,13,44,4,0,3,0,0,0,0,0,0,0,0,3,4,1,0,3,0.47727272,2,3,3,1,0.09090909,0.0,0.06818182,0.0,0.0,0.0,0.0,0.0,0.0,0.0,0.0,0.06818182,0.09090909,0.022727273,0.0,0.06818182,
0,5,9,10,0,117,13,4,4,0,0,0,0,0,0,0,0,0,0,0,1,1,0,0,0.25,1,0,1,1,1.0,0.0,0.0,0.0,0.0,0.0,0.0,0.0,0.0,0.0,0.0,0.0,0.25,0.25,0.0,0.0,
9,2,4,9,0,67,15,51,6,9,8,4,4,0,0,0,0,0,0,6,3,1,4,12,0.078431375,4,8,1,1,0.11764706,0.1764706,0.15686275,0.078431375,0.078431375,0.0,0.0,0.0,0.0,0.0,0.0,0.11764706,0.05882353,0.019607844,0.078431375,0.23529412,
OutTrace

/home/yongfeng/Documents/java/D4jProjects/Math/Math_85/ >> 85
21,3,2,3,0,1,0,1,386,353,41,
6,1,6,4,1,181,16,83,5,5,4,1,0,0,0,1,0,0,0,4,7,1,1,21,0.40963855,2,4,1,1,0.060240965,0.060240965,0.04819277,0.012048192,0.0,0.0,0.0,0.012048192,0.0,0.0,0.0,0.04819277,0.084337346,0.012048192,0.012048192,0.25301206,
6,1,6,4,1,181,16,51,4,0,0,0,0,0,0,0,0,0,0,0,1,1,0,0,0.8039216,1,0,1,1,0.078431375,0.0,0.0,0.0,0.0,0.0,0.0,0.0,0.0,0.0,0.0,0.0,0.019607844,0.019607844,0.0,0.0,
5,1,5,7,0,84,18,63,2,5,3,0,0,0,0,0,2,2,0,1,13,4,0,6,0.3809524,4,3,1,1,0.031746034,0.07936508,0.04761905,0.0,0.0,0.0,0.0,0.0,0.031746034,0.031746034,0.0,0.015873017,0.20634921,0.06349207,0.0,0.0952381,
OutTrace

/home/yongfeng/Documents/java/D4jProjects/Math/Math_89/ >> 89
7,2,1,1,1,1,0,1,329,288,39,
17,3,27,5,0,299,27,14,1,0,0,0,0,0,0,0,0,0,0,0,1,0,0,0,0.85714287,1,0,1,1,0.071428575,0.0,0.0,0.0,0.0,0.0,0.0,0.0,0.0,0.0,0.0,0.0,0.071428575,0.0,0.0,0.0,
InTrace

/home/yongfeng/Documents/java/D4jProjects/Math/Math_90/ >> 90
3,2,1,1,1,1,0,1,329,288,39,
17,3,26,5,0,300,27,40,1,2,2,0,0,0,0,0,1,1,0,1,8,0,0,3,0.575,3,2,1,1,0.025,0.05,0.05,0.0,0.0,0.0,0.0,0.0,0.025,0.025,0.0,0.025,0.2,0.0,0.0,0.075,
OutTrace

/home/yongfeng/Documents/java/D4jProjects/Math/Math_28/ >> 28
21,5,2,4,1,1,0,1,632,662,52,
0,7,10,6,0,104,13,9,0,0,1,0,0,0,0,0,0,0,0,0,0,0,1,1,0.44444445,2,1,3,1,0.0,0.0,0.11111111,0.0,0.0,0.0,0.0,0.0,0.0,0.0,0.0,0.0,0.0,0.0,0.11111111,0.11111111,
25,4,5,5,0,106,18,30,1,5,2,1,1,0,0,0,0,0,0,0,8,0,1,3,0.26666668,3,2,3,1,0.033333335,0.16666667,0.06666667,0.033333335,0.033333335,0.0,0.0,0.0,0.0,0.0,0.0,0.0,0.26666668,0.0,0.033333335,0.1,
25,4,5,5,0,106,18,18,0,1,0,1,0,0,1,0,0,0,0,0,9,1,1,0,0.055555556,2,1,1,1,0.0,0.055555556,0.0,0.055555556,0.0,0.0,0.055555556,0.0,0.0,0.0,0.0,0.0,0.5,0.055555556,0.055555556,0.0,
0,7,10,6,0,104,13,17,4,0,0,0,0,0,0,0,0,0,0,5,1,1,0,0,0.1764706,1,0,1,1,0.23529412,0.0,0.0,0.0,0.0,0.0,0.0,0.0,0.0,0.0,0.0,0.29411766,0.05882353,0.05882353,0.0,0.0,
OutTrace

/home/yongfeng/Documents/java/D4jProjects/Math/Math_95/ >> 95
3,5,3,4,0,1,0,1,251,201,29,
6,1,6,2,1,178,16,82,5,5,4,1,0,0,0,1,0,0,0,4,13,1,1,25,0.41463414,2,4,1,1,0.06097561,0.06097561,0.048780486,0.0121951215,0.0,0.0,0.0,0.0121951215,0.0,0.0,0.0,0.048780486,0.15853658,0.0121951215,0.0121951215,0.30487806,
6,1,6,2,1,178,16,51,4,0,0,0,0,0,0,0,0,0,0,0,1,1,0,0,0.8039216,1,0,1,1,0.078431375,0.0,0.0,0.0,0.0,0.0,0.0,0.0,0.0,0.0,0.0,0.0,0.019607844,0.019607844,0.0,0.0,
5,1,5,6,0,84,18,63,2,5,3,0,0,0,0,0,2,2,0,1,12,4,0,6,0.3809524,4,3,1,1,0.031746034,0.07936508,0.04761905,0.0,0.0,0.0,0.0,0.0,0.031746034,0.031746034,0.0,0.015873017,0.1904762,0.06349207,0.0,0.0952381,
5,3,9,3,0,130,14,23,1,0,2,0,0,0,0,0,0,0,0,0,1,3,0,2,0.5652174,2,2,1,1,0.04347826,0.0,0.08695652,0.0,0.0,0.0,0.0,0.0,0.0,0.0,0.0,0.0,0.04347826,0.13043478,0.0,0.08695652,
OutTrace

/home/yongfeng/Documents/java/D4jProjects/Math/Math_31/ >> 31
21,9,4,8,0,1,0,1,620,649,51,
18,1,6,3,1,118,10,103,3,18,10,2,1,0,1,0,0,0,0,13,12,1,3,38,0.26213592,6,11,1,1,0.029126214,0.17475729,0.097087376,0.019417476,0.009708738,0.0,0.009708738,0.0,0.0,0.0,0.0,0.1262136,0.116504855,0.009708738,0.029126214,0.36893204,
5,1,8,2,1,137,12,72,9,4,3,0,0,0,0,0,0,0,0,7,10,3,1,52,0.3472222,4,3,1,1,0.125,0.055555556,0.041666668,0.0,0.0,0.0,0.0,0.0,0.0,0.0,0.0,0.097222224,0.1388889,0.041666668,0.013888889,0.7222222,
5,1,8,2,1,137,12,72,9,4,3,0,0,0,0,0,0,0,0,7,10,3,1,52,0.3472222,4,3,1,1,0.125,0.055555556,0.041666668,0.0,0.0,0.0,0.0,0.0,0.0,0.0,0.0,0.097222224,0.1388889,0.041666668,0.013888889,0.7222222,
5,1,8,2,1,137,12,15,3,0,0,0,0,0,0,0,0,0,0,0,1,1,0,0,0.8,1,0,1,1,0.2,0.0,0.0,0.0,0.0,0.0,0.0,0.0,0.0,0.0,0.0,0.0,0.06666667,0.06666667,0.0,0.0,
3,3,9,5,0,96,12,12,1,1,2,0,0,0,0,0,0,0,0,3,1,1,0,5,0.083333336,3,2,1,1,0.083333336,0.083333336,0.16666667,0.0,0.0,0.0,0.0,0.0,0.0,0.0,0.0,0.25,0.083333336,0.083333336,0.0,0.41666666,
12,2,7,8,0,99,18,20,1,1,1,0,0,0,0,0,0,0,0,1,2,1,0,0,0.55,2,1,4,1,0.05,0.05,0.05,0.0,0.0,0.0,0.0,0.0,0.0,0.0,0.0,0.05,0.1,0.05,0.0,0.0,
12,2,7,8,0,99,18,31,3,2,2,1,0,0,1,0,0,0,0,3,1,1,0,11,0.5483871,3,3,3,1,0.09677419,0.06451613,0.06451613,0.032258064,0.0,0.0,0.032258064,0.0,0.0,0.0,0.0,0.09677419,0.032258064,0.032258064,0.0,0.3548387,
12,2,7,8,0,99,18,52,1,7,8,0,0,0,0,0,0,0,0,5,14,4,1,23,0.28846154,3,8,1,1,0.01923077,0.13461539,0.15384616,0.0,0.0,0.0,0.0,0.0,0.0,0.0,0.0,0.09615385,0.26923078,0.07692308,0.01923077,0.44230768,
OutTrace

/home/yongfeng/Documents/java/D4jProjects/Math/Math_32/ >> 32
7,11,5,10,0,1,0,1,620,649,51,
51,3,13,17,0,217,35,52,0,12,4,2,0,2,0,0,0,0,0,5,17,0,0,17,0.09615385,5,4,3,1,0.0,0.23076923,0.07692308,0.03846154,0.0,0.03846154,0.0,0.0,0.0,0.0,0.0,0.09615385,0.32692307,0.0,0.0,0.32692307,
35,5,31,8,0,304,26,6,0,0,1,0,0,0,0,0,0,0,0,0,1,1,0,1,0.16666667,2,1,1,1,0.0,0.0,0.16666667,0.0,0.0,0.0,0.0,0.0,0.0,0.0,0.0,0.0,0.16666667,0.16666667,0.0,0.16666667,
6,0,4,17,0,23,18,28,2,5,2,0,0,0,0,0,0,0,0,1,14,0,1,2,0.14285715,3,2,4,1,0.071428575,0.17857143,0.071428575,0.0,0.0,0.0,0.0,0.0,0.0,0.0,0.0,0.035714287,0.5,0.0,0.035714287,0.071428575,
6,0,4,17,0,23,18,11,1,1,2,0,0,0,0,0,0,0,0,0,7,0,0,2,0.09090909,2,2,1,1,0.09090909,0.09090909,0.18181819,0.0,0.0,0.0,0.0,0.0,0.0,0.0,0.0,0.0,0.6363636,0.0,0.0,0.18181819,
15,5,19,4,1,370,14,44,1,0,1,0,0,0,0,0,0,0,0,0,20,0,0,1,0.06818182,2,8,1,1,0.022727273,0.0,0.022727273,0.0,0.0,0.0,0.0,0.0,0.0,0.0,0.0,0.0,0.45454547,0.0,0.0,0.022727273,
15,5,19,4,1,370,14,44,1,0,1,0,0,0,0,0,0,0,0,0,20,0,0,1,0.06818182,2,8,1,1,0.022727273,0.0,0.022727273,0.0,0.0,0.0,0.0,0.0,0.0,0.0,0.0,0.0,0.45454547,0.0,0.0,0.022727273,
15,5,19,4,1,370,14,44,1,0,1,0,0,0,0,0,0,0,0,0,20,0,0,1,0.06818182,2,8,1,1,0.022727273,0.0,0.022727273,0.0,0.0,0.0,0.0,0.0,0.0,0.0,0.0,0.0,0.45454547,0.0,0.0,0.022727273,
15,5,19,4,1,370,14,44,1,0,1,0,0,0,0,0,0,0,0,0,20,0,0,1,0.06818182,2,8,1,1,0.022727273,0.0,0.022727273,0.0,0.0,0.0,0.0,0.0,0.0,0.0,0.0,0.0,0.45454547,0.0,0.0,0.022727273,
34,7,17,17,0,225,32,17,0,0,1,0,0,0,0,0,0,0,0,0,10,0,0,4,0.29411766,2,1,3,1,0.0,0.0,0.05882353,0.0,0.0,0.0,0.0,0.0,0.0,0.0,0.0,0.0,0.5882353,0.0,0.0,0.23529412,
35,5,31,8,0,304,26,6,0,0,1,0,0,0,0,0,0,0,0,0,1,1,0,1,0.16666667,2,1,1,1,0.0,0.0,0.16666667,0.0,0.0,0.0,0.0,0.0,0.0,0.0,0.0,0.0,0.16666667,0.16666667,0.0,0.16666667,
InTrace

/home/yongfeng/Documents/java/D4jProjects/Math/Math_97/ >> 97
3,2,1,1,1,1,0,1,231,183,29,
17,1,3,2,0,130,15,46,2,4,1,0,0,0,0,0,0,0,0,1,5,1,0,12,0.45652175,2,1,1,1,0.04347826,0.08695652,0.02173913,0.0,0.0,0.0,0.0,0.0,0.0,0.0,0.0,0.02173913,0.10869565,0.02173913,0.0,0.26086956,
OutTrace

/home/yongfeng/Documents/java/D4jProjects/Math/Math_98/ >> 98
10,2,1,1,1,1,0,1,231,183,26,
214,10,54,2,0,725,20,22,1,6,1,2,2,0,0,0,0,0,0,2,5,1,2,3,0.3181818,3,1,1,1,0.045454547,0.27272728,0.045454547,0.09090909,0.09090909,0.0,0.0,0.0,0.0,0.0,0.0,0.09090909,0.22727273,0.045454547,0.09090909,0.13636364,
OutTrace

/home/yongfeng/Documents/java/D4jProjects/Math/Math_100/ >> 100
10,2,1,1,1,1,0,1,223,183,25,
31,10,12,3,0,162,18,37,1,8,0,3,3,0,0,0,1,1,0,4,5,1,2,7,0.27027026,4,0,1,1,0.027027028,0.21621622,0.0,0.08108108,0.08108108,0.0,0.0,0.0,0.027027028,0.027027028,0.0,0.10810811,0.13513513,0.027027028,0.054054055,0.1891892,
OutTrace

/home/yongfeng/Documents/java/D4jProjects/Math/Math_101/ >> 101
11,3,1,1,1,0,0,1,223,183,25,
29,5,22,7,0,315,22,76,2,8,3,0,0,0,0,0,0,0,0,3,25,6,1,5,0.34210527,2,7,1,1,0.02631579,0.10526316,0.039473683,0.0,0.0,0.0,0.0,0.0,0.0,0.0,0.0,0.039473683,0.32894737,0.078947365,0.013157895,0.065789476,
InTrace

/home/yongfeng/Documents/java/D4jProjects/Math/Math_38/ >> 38
21,8,3,6,1,1,0,1,618,648,51,
440,39,12,12,0,731,26,193,2,37,18,8,7,0,0,1,0,0,0,14,78,0,19,104,0.23316061,8,18,4,1,0.010362694,0.19170985,0.09326425,0.041450776,0.03626943,0.0,0.0,0.005181347,0.0,0.0,0.0,0.07253886,0.4041451,0.0,0.098445594,0.5388601,
440,39,12,12,0,731,26,882,2,205,56,71,71,0,0,0,0,0,0,132,288,1,88,325,0.22108844,9,66,4,1,0.0022675737,0.2324263,0.06349207,0.08049887,0.08049887,0.0,0.0,0.0,0.0,0.0,0.0,0.14965986,0.3265306,0.0011337869,0.09977324,0.3684807,
440,39,12,12,0,731,26,83,2,6,4,1,1,0,0,0,0,0,0,0,27,1,5,11,0.55421686,5,4,4,1,0.024096385,0.072289154,0.04819277,0.012048192,0.012048192,0.0,0.0,0.0,0.0,0.0,0.0,0.0,0.3253012,0.012048192,0.060240965,0.13253012,
440,39,12,12,0,731,26,15,0,3,0,0,0,0,0,0,0,0,0,2,7,1,1,1,0.13333334,1,0,3,1,0.0,0.2,0.0,0.0,0.0,0.0,0.0,0.0,0.0,0.0,0.0,0.13333334,0.46666667,0.06666667,0.06666667,0.06666667,
0,5,8,10,0,94,12,25,4,0,3,0,0,0,0,0,0,0,0,3,4,1,0,3,0.2,2,3,1,1,0.16,0.0,0.12,0.0,0.0,0.0,0.0,0.0,0.0,0.0,0.0,0.12,0.16,0.04,0.0,0.12,
9,2,4,9,0,67,13,51,6,9,8,4,4,0,0,0,0,0,0,6,3,1,4,12,0.078431375,4,8,1,1,0.11764706,0.1764706,0.15686275,0.078431375,0.078431375,0.0,0.0,0.0,0.0,0.0,0.0,0.11764706,0.05882353,0.019607844,0.078431375,0.23529412,
InTrace

/home/yongfeng/Documents/java/D4jProjects/Math/Math_103/ >> 103
21,4,3,3,1,1,0,1,215,177,25,
11,5,7,4,0,146,14,66,4,4,4,1,0,0,1,0,0,0,0,7,7,1,1,24,0.5151515,5,5,1,1,0.060606062,0.060606062,0.060606062,0.015151516,0.0,0.0,0.015151516,0.0,0.0,0.0,0.0,0.10606061,0.10606061,0.015151516,0.015151516,0.36363637,
1,1,1,2,0,44,9,20,1,1,1,0,0,0,0,0,0,0,0,1,1,1,1,2,0.7,2,1,1,1,0.05,0.05,0.05,0.0,0.0,0.0,0.0,0.0,0.0,0.0,0.0,0.05,0.05,0.05,0.05,0.1,
3,3,9,4,0,124,15,12,1,0,0,0,0,0,0,0,0,0,0,0,2,1,0,5,0.6666667,1,0,1,1,0.083333336,0.0,0.0,0.0,0.0,0.0,0.0,0.0,0.0,0.0,0.0,0.0,0.16666667,0.083333336,0.0,0.41666666,
InTrace

/home/yongfeng/Documents/java/D4jProjects/Math/Math_40/ >> 40
21,6,2,5,1,1,0,1,621,649,51,
0,10,20,6,0,222,14,11,0,0,0,0,0,0,0,0,1,1,0,0,2,0,0,0,0.6363636,3,0,3,1,0.0,0.0,0.0,0.0,0.0,0.0,0.0,0.0,0.09090909,0.09090909,0.0,0.0,0.18181819,0.0,0.0,0.0,
0,10,20,6,0,222,14,12,1,0,0,0,0,0,0,0,0,0,0,0,2,1,0,0,0.6666667,1,0,3,1,0.083333336,0.0,0.0,0.0,0.0,0.0,0.0,0.0,0.0,0.0,0.0,0.0,0.16666667,0.083333336,0.0,0.0,
24,6,5,6,0,165,16,203,0,19,16,2,0,0,1,1,0,0,0,30,33,9,11,50,0.22167487,5,23,3,1,0.0,0.093596056,0.07881773,0.009852217,0.0,0.0,0.0049261083,0.0049261083,0.0,0.0,0.0,0.14778325,0.16256158,0.044334974,0.054187194,0.24630542,
0,10,20,6,0,222,14,7,5,0,0,0,0,0,0,0,0,0,0,0,2,1,0,0,0.42857143,1,0,1,1,0.71428573,0.0,0.0,0.0,0.0,0.0,0.0,0.0,0.0,0.0,0.0,0.0,0.2857143,0.14285715,0.0,0.0,
24,6,5,6,0,165,16,6,6,0,0,0,0,0,0,0,0,0,0,1,1,1,0,0,0.16666667,1,0,1,1,1.0,0.0,0.0,0.0,0.0,0.0,0.0,0.0,0.0,0.0,0.0,0.16666667,0.16666667,0.16666667,0.0,0.0,
OutTrace

/home/yongfeng/Documents/java/D4jProjects/Math/Math_48/ >> 48
21,8,2,7,0,1,0,1,570,584,51,
0,10,20,6,0,222,14,11,0,0,0,0,0,0,0,0,1,1,0,0,2,0,0,0,0.6363636,3,0,3,1,0.0,0.0,0.0,0.0,0.0,0.0,0.0,0.0,0.09090909,0.09090909,0.0,0.0,0.18181819,0.0,0.0,0.0,
0,10,20,6,0,222,14,12,1,0,0,0,0,0,0,0,0,0,0,0,2,1,0,0,0.6666667,1,0,3,1,0.083333336,0.0,0.0,0.0,0.0,0.0,0.0,0.0,0.0,0.0,0.0,0.0,0.16666667,0.083333336,0.0,0.0,
10,6,4,4,0,129,14,123,0,10,10,1,0,0,1,0,0,0,0,7,13,13,2,20,0.21138212,6,27,3,1,0.0,0.08130081,0.08130081,0.008130081,0.0,0.0,0.008130081,0.0,0.0,0.0,0.0,0.05691057,0.10569106,0.10569106,0.016260162,0.16260162,
0,10,20,6,0,222,14,7,5,0,0,0,0,0,0,0,0,0,0,0,2,1,0,0,0.42857143,1,0,1,1,0.71428573,0.0,0.0,0.0,0.0,0.0,0.0,0.0,0.0,0.0,0.0,0.0,0.2857143,0.14285715,0.0,0.0,
10,6,4,4,0,129,14,6,6,0,0,0,0,0,0,0,0,0,0,1,1,1,0,0,0.16666667,1,0,1,1,1.0,0.0,0.0,0.0,0.0,0.0,0.0,0.0,0.0,0.0,0.0,0.16666667,0.16666667,0.16666667,0.0,0.0,
10,6,4,4,0,129,14,4,5,0,0,0,0,0,0,0,0,0,0,0,1,1,0,0,0.25,1,0,1,1,1.25,0.0,0.0,0.0,0.0,0.0,0.0,0.0,0.0,0.0,0.0,0.0,0.25,0.25,0.0,0.0,
0,10,20,6,0,222,14,3,4,0,0,0,0,0,0,0,0,0,0,0,1,1,0,3,0.33333334,1,0,1,1,1.3333334,0.0,0.0,0.0,0.0,0.0,0.0,0.0,0.0,0.0,0.0,0.0,0.33333334,0.33333334,0.0,1.0,
OutTrace

/home/yongfeng/Documents/java/D4jProjects/Math/Math_49/ >> 49
21,5,3,4,0,1,0,1,567,577,51,
4,13,39,13,0,315,39,29,2,0,0,0,0,0,0,0,0,0,0,0,4,3,1,0,0.37931034,2,0,1,1,0.06896552,0.0,0.0,0.0,0.0,0.0,0.0,0.0,0.0,0.0,0.0,0.0,0.13793103,0.10344828,0.03448276,0.0,
0,3,4,7,1,46,14,26,0,0,2,1,0,0,1,0,1,1,0,2,2,0,2,3,0.30769232,4,3,1,1,0.0,0.0,0.07692308,0.03846154,0.0,0.0,0.03846154,0.0,0.03846154,0.03846154,0.0,0.07692308,0.07692308,0.0,0.07692308,0.115384616,
87,8,55,6,0,383,24,10,1,2,0,1,0,0,1,0,0,0,0,0,10,1,0,1,0.1,2,1,1,1,0.1,0.2,0.0,0.1,0.0,0.0,0.1,0.0,0.0,0.0,0.0,0.0,1.0,0.1,0.0,0.1,
OutTrace

/home/yongfeng/Documents/java/D4jProjects/Math/Math_51/ >> 51
21,8,2,7,0,1,0,1,567,577,51,
0,10,20,6,0,222,14,11,0,0,0,0,0,0,0,0,1,1,0,0,2,0,0,0,0.6363636,3,0,3,1,0.0,0.0,0.0,0.0,0.0,0.0,0.0,0.0,0.09090909,0.09090909,0.0,0.0,0.18181819,0.0,0.0,0.0,
0,10,20,6,0,222,14,12,1,0,0,0,0,0,0,0,0,0,0,0,2,1,0,0,0.6666667,1,0,3,1,0.083333336,0.0,0.0,0.0,0.0,0.0,0.0,0.0,0.0,0.0,0.0,0.0,0.16666667,0.083333336,0.0,0.0,
10,6,4,3,0,129,14,120,0,10,10,1,0,0,1,0,0,0,0,7,13,13,2,20,0.21666667,6,26,3,1,0.0,0.083333336,0.083333336,0.008333334,0.0,0.0,0.008333334,0.0,0.0,0.0,0.0,0.058333334,0.108333334,0.108333334,0.016666668,0.16666667,
0,10,20,6,0,222,14,7,5,0,0,0,0,0,0,0,0,0,0,0,2,1,0,0,0.42857143,1,0,1,1,0.71428573,0.0,0.0,0.0,0.0,0.0,0.0,0.0,0.0,0.0,0.0,0.0,0.2857143,0.14285715,0.0,0.0,
10,6,4,3,0,129,14,6,6,0,0,0,0,0,0,0,0,0,0,1,1,1,0,0,0.16666667,1,0,1,1,1.0,0.0,0.0,0.0,0.0,0.0,0.0,0.0,0.0,0.0,0.0,0.16666667,0.16666667,0.16666667,0.0,0.0,
10,6,4,3,0,129,14,4,5,0,0,0,0,0,0,0,0,0,0,0,1,1,0,0,0.25,1,0,1,1,1.25,0.0,0.0,0.0,0.0,0.0,0.0,0.0,0.0,0.0,0.0,0.0,0.25,0.25,0.0,0.0,
0,10,20,6,0,222,14,3,4,0,0,0,0,0,0,0,0,0,0,0,1,1,0,3,0.33333334,1,0,1,1,1.3333334,0.0,0.0,0.0,0.0,0.0,0.0,0.0,0.0,0.0,0.0,0.0,0.33333334,0.33333334,0.0,1.0,
OutTrace

/home/yongfeng/Documents/java/D4jProjects/Math/Math_58/ >> 58
21,13,7,12,0,1,0,1,497,491,44,
9,0,3,7,0,59,11,23,1,0,3,0,0,0,0,0,0,0,0,0,0,0,0,3,0.47826087,2,3,4,1,0.04347826,0.0,0.13043478,0.0,0.0,0.0,0.0,0.0,0.0,0.0,0.0,0.0,0.0,0.0,0.0,0.13043478,
9,0,3,7,0,59,11,21,2,2,0,0,0,0,0,0,0,0,0,0,2,1,0,4,0.52380955,1,0,1,1,0.0952381,0.0952381,0.0,0.0,0.0,0.0,0.0,0.0,0.0,0.0,0.0,0.0,0.0952381,0.04761905,0.0,0.1904762,
6,1,3,7,0,19,10,10,1,3,0,1,0,1,0,0,0,0,0,1,3,1,1,0,0.2,2,0,1,1,0.1,0.3,0.0,0.1,0.0,0.1,0.0,0.0,0.0,0.0,0.0,0.1,0.3,0.1,0.1,0.0,
0,6,10,10,0,111,13,18,1,0,0,0,0,0,0,0,1,1,0,0,3,1,0,0,0.5555556,3,0,3,1,0.055555556,0.0,0.0,0.0,0.0,0.0,0.0,0.0,0.055555556,0.055555556,0.0,0.0,0.16666667,0.055555556,0.0,0.0,
20,10,8,13,0,145,18,25,0,5,1,1,1,0,0,0,0,0,0,6,5,0,1,6,0.28,2,1,3,1,0.0,0.2,0.04,0.04,0.04,0.0,0.0,0.0,0.0,0.0,0.0,0.24,0.2,0.0,0.04,0.24,
146,13,5,8,0,352,17,235,0,54,17,15,14,0,1,0,0,0,0,54,20,3,17,81,0.14468086,6,18,3,1,0.0,0.22978723,0.07234043,0.06382979,0.05957447,0.0,0.004255319,0.0,0.0,0.0,0.0,0.22978723,0.08510638,0.012765957,0.07234043,0.34468085,
0,6,10,10,0,111,13,32,5,0,5,0,0,0,0,0,0,0,0,4,6,1,0,5,0.15625,2,5,1,1,0.15625,0.0,0.15625,0.0,0.0,0.0,0.0,0.0,0.0,0.0,0.0,0.125,0.1875,0.03125,0.0,0.15625,
20,10,8,13,0,145,18,23,5,0,0,0,0,0,0,0,0,0,0,9,3,1,0,0,0.17391305,1,0,1,1,0.2173913,0.0,0.0,0.0,0.0,0.0,0.0,0.0,0.0,0.0,0.0,0.39130434,0.13043478,0.04347826,0.0,0.0,
11,3,10,7,1,153,15,39,3,5,0,1,0,1,0,0,0,0,0,2,6,1,1,0,0.53846157,2,0,1,1,0.07692308,0.12820514,0.0,0.025641026,0.0,0.025641026,0.0,0.0,0.0,0.0,0.0,0.051282052,0.15384616,0.025641026,0.025641026,0.0,
11,3,10,7,1,153,15,18,2,0,0,0,0,0,0,0,0,0,0,0,1,1,0,0,0.8333333,1,0,1,1,0.11111111,0.0,0.0,0.0,0.0,0.0,0.0,0.0,0.0,0.0,0.0,0.0,0.055555556,0.055555556,0.0,0.0,
19,3,12,13,0,164,21,7,0,1,0,0,0,0,0,0,0,0,0,0,3,1,0,0,0.85714287,1,0,1,1,0.0,0.14285715,0.0,0.0,0.0,0.0,0.0,0.0,0.0,0.0,0.0,0.0,0.42857143,0.14285715,0.0,0.0,
InTrace

/home/yongfeng/Documents/java/D4jProjects/Math/Math_60/ >> 60
21,6,4,5,1,1,0,1,493,481,44,
18,1,6,4,1,124,10,109,3,18,8,2,1,0,1,0,0,0,0,14,10,1,3,39,0.3119266,6,9,1,1,0.027522936,0.16513762,0.07339449,0.018348623,0.0091743115,0.0,0.0091743115,0.0,0.0,0.0,0.0,0.12844037,0.09174312,0.0091743115,0.027522936,0.35779816,
13,6,9,4,1,197,13,61,8,2,3,0,0,0,0,0,0,0,0,5,7,3,1,20,0.40983605,4,3,1,1,0.13114753,0.032786883,0.04918033,0.0,0.0,0.0,0.0,0.0,0.0,0.0,0.0,0.08196721,0.114754096,0.04918033,0.016393442,0.32786885,
13,6,9,4,1,197,13,68,4,4,5,1,0,0,1,0,0,0,0,8,8,1,1,26,0.5,6,6,1,1,0.05882353,0.05882353,0.073529415,0.014705882,0.0,0.0,0.014705882,0.0,0.0,0.0,0.0,0.11764706,0.11764706,0.014705882,0.014705882,0.38235295,
1,0,1,1,1,41,7,20,1,1,1,0,0,0,0,0,0,0,0,1,1,1,1,2,0.7,2,1,1,1,0.05,0.05,0.05,0.0,0.0,0.0,0.0,0.0,0.0,0.0,0.0,0.05,0.05,0.05,0.05,0.1,
6,6,10,7,0,147,17,23,1,1,2,0,0,0,0,0,1,1,0,0,2,3,0,11,0.4347826,5,2,1,1,0.04347826,0.04347826,0.08695652,0.0,0.0,0.0,0.0,0.0,0.04347826,0.04347826,0.0,0.0,0.08695652,0.13043478,0.0,0.47826087,
OutTrace

/home/yongfeng/Documents/java/D4jProjects/Math/Math_61/ >> 61
21,4,2,3,0,1,0,1,471,493,45,
4,14,53,12,0,487,43,29,2,0,0,0,0,0,0,0,0,0,0,0,4,3,1,0,0.37931034,2,0,1,1,0.06896552,0.0,0.0,0.0,0.0,0.0,0.0,0.0,0.0,0.0,0.0,0.0,0.13793103,0.10344828,0.03448276,0.0,
1,7,7,7,0,166,20,18,3,0,1,0,0,0,0,0,0,0,0,4,3,0,0,1,0.5,2,1,1,1,0.16666667,0.0,0.055555556,0.0,0.0,0.0,0.0,0.0,0.0,0.0,0.0,0.22222222,0.16666667,0.0,0.0,0.055555556,
1,7,7,7,0,166,20,9,1,0,0,0,0,0,0,0,0,0,0,0,1,0,0,0,0.7777778,1,0,1,1,0.11111111,0.0,0.0,0.0,0.0,0.0,0.0,0.0,0.0,0.0,0.0,0.0,0.11111111,0.0,0.0,0.0,
InTrace

/home/yongfeng/Documents/java/D4jProjects/Time/Time_18/ >> 18
21,8,7,8,1,1,0,0,156,204,10,
9,0,15,3,1,213,13,18,4,0,1,0,0,0,0,0,0,0,0,0,3,0,0,3,0.5,2,1,1,1,0.22222222,0.0,0.055555556,0.0,0.0,0.0,0.0,0.0,0.0,0.0,0.0,0.0,0.16666667,0.0,0.0,0.16666667,
33,26,51,16,0,353,38,14,3,0,0,0,0,0,0,0,0,0,0,0,11,1,0,0,0.64285713,1,0,2,1,0.21428572,0.0,0.0,0.0,0.0,0.0,0.0,0.0,0.0,0.0,0.0,0.0,0.78571427,0.071428575,0.0,0.0,
33,26,51,16,0,353,38,21,7,1,1,0,0,0,0,0,0,0,0,1,11,2,0,8,0.0,2,1,1,1,0.33333334,0.04761905,0.04761905,0.0,0.0,0.0,0.0,0.0,0.0,0.0,0.0,0.04761905,0.52380955,0.0952381,0.0,0.3809524,
32,18,66,17,0,322,40,29,7,2,3,0,0,0,0,0,0,0,0,3,4,2,0,3,0.10344828,3,3,1,1,0.2413793,0.06896552,0.10344828,0.0,0.0,0.0,0.0,0.0,0.0,0.0,0.0,0.10344828,0.13793103,0.06896552,0.0,0.10344828,
4,3,6,8,0,251,14,36,8,1,0,0,0,0,0,0,0,0,0,2,4,0,0,0,0.44444445,1,0,1,1,0.22222222,0.027777778,0.0,0.0,0.0,0.0,0.0,0.0,0.0,0.0,0.0,0.055555556,0.11111111,0.0,0.0,0.0,
20,4,74,10,0,1128,35,17,4,0,0,0,0,0,0,0,0,0,0,0,1,0,0,0,0.7647059,1,0,1,1,0.23529412,0.0,0.0,0.0,0.0,0.0,0.0,0.0,0.0,0.0,0.0,0.0,0.05882353,0.0,0.0,0.0,
InTrace

/home/yongfeng/Documents/java/D4jProjects/Time/Time_2/ >> 2
3,3,2,3,1,1,0,0,157,208,10,
53,8,35,11,0,623,30,75,3,8,13,2,2,0,0,0,0,0,0,7,29,1,2,42,0.14666666,7,13,1,1,0.04,0.10666667,0.17333333,0.026666667,0.026666667,0.0,0.0,0.0,0.0,0.0,0.0,0.093333334,0.38666666,0.013333334,0.026666667,0.56,
53,8,35,11,0,623,30,63,2,12,8,1,1,0,0,0,0,0,0,3,22,3,2,14,0.2857143,8,8,1,1,0.031746034,0.1904762,0.12698413,0.015873017,0.015873017,0.0,0.0,0.0,0.0,0.0,0.0,0.04761905,0.34920636,0.04761905,0.031746034,0.22222222,
OutTrace

/home/yongfeng/Documents/java/D4jProjects/Time/Time_20/ >> 20
3,2,2,2,1,1,0,0,156,204,10,
54,8,43,14,1,608,32,44,1,8,5,0,0,0,0,0,0,0,0,4,14,1,1,6,0.38636363,5,5,1,1,0.022727273,0.18181819,0.11363637,0.0,0.0,0.0,0.0,0.0,0.0,0.0,0.0,0.09090909,0.3181818,0.022727273,0.022727273,0.13636364,
OutTrace

/home/yongfeng/Documents/java/D4jProjects/Time/Time_5/ >> 5
18,4,3,4,1,1,0,0,157,208,10,
38,30,38,7,0,369,16,19,4,1,1,0,0,0,0,0,0,0,0,1,0,1,1,1,0.47368422,2,1,2,1,0.21052632,0.05263158,0.05263158,0.0,0.0,0.0,0.0,0.0,0.0,0.0,0.0,0.05263158,0.0,0.05263158,0.05263158,0.05263158,
41,2,61,7,0,1285,47,13,1,1,0,0,0,0,0,0,0,0,0,0,4,1,0,0,0.84615386,1,0,1,1,0.07692308,0.07692308,0.0,0.0,0.0,0.0,0.0,0.0,0.0,0.0,0.0,0.0,0.30769232,0.07692308,0.0,0.0,
41,2,61,7,0,1285,47,54,1,4,3,0,0,0,0,0,0,0,0,10,13,1,0,12,0.6111111,3,3,1,1,0.018518519,0.074074075,0.055555556,0.0,0.0,0.0,0.0,0.0,0.0,0.0,0.0,0.18518518,0.24074075,0.018518519,0.0,0.22222222,
InTrace

/home/yongfeng/Documents/java/D4jProjects/Time/Time_6/ >> 6
21,11,8,11,1,1,0,0,157,208,10,
7,7,18,8,0,109,20,10,1,0,2,0,0,0,0,0,0,0,0,0,2,1,1,2,0.0,3,2,2,1,0.1,0.0,0.2,0.0,0.0,0.0,0.0,0.0,0.0,0.0,0.0,0.0,0.2,0.1,0.1,0.2,
7,7,18,8,0,109,20,5,3,0,0,0,0,0,0,0,0,0,0,0,2,1,0,0,0.0,1,0,2,1,0.6,0.0,0.0,0.0,0.0,0.0,0.0,0.0,0.0,0.0,0.0,0.0,0.4,0.2,0.0,0.0,
34,26,51,16,0,354,37,12,4,1,1,0,0,0,0,0,0,0,0,1,5,2,0,3,0.0,2,1,1,1,0.33333334,0.083333336,0.083333336,0.0,0.0,0.0,0.0,0.0,0.0,0.0,0.0,0.083333336,0.41666666,0.16666667,0.0,0.25,
33,18,66,18,0,325,41,7,3,0,0,0,0,0,0,0,0,0,0,0,9,1,0,0,0.42857143,1,0,4,1,0.42857143,0.0,0.0,0.0,0.0,0.0,0.0,0.0,0.0,0.0,0.0,0.0,1.2857143,0.14285715,0.0,0.0,
33,18,66,18,0,325,41,3,1,0,0,0,0,0,0,0,0,0,0,0,1,1,0,0,0.0,1,0,2,1,0.33333334,0.0,0.0,0.0,0.0,0.0,0.0,0.0,0.0,0.0,0.0,0.0,0.33333334,0.33333334,0.0,0.0,
12,7,32,18,0,49,16,7,1,0,1,0,0,0,0,0,0,0,0,0,2,2,0,0,0.0,2,1,3,1,0.14285715,0.0,0.14285715,0.0,0.0,0.0,0.0,0.0,0.0,0.0,0.0,0.0,0.2857143,0.2857143,0.0,0.0,
0,1,6,18,0,45,9,21,2,0,5,0,0,0,0,0,0,0,0,4,4,1,0,7,0.14285715,4,5,1,1,0.0952381,0.0,0.23809524,0.0,0.0,0.0,0.0,0.0,0.0,0.0,0.0,0.1904762,0.1904762,0.04761905,0.0,0.33333334,
0,2,4,18,0,4,8,3,2,0,0,0,0,0,0,0,0,0,0,0,1,1,0,0,0.0,1,0,1,1,0.6666667,0.0,0.0,0.0,0.0,0.0,0.0,0.0,0.0,0.0,0.0,0.0,0.33333334,0.33333334,0.0,0.0,
48,11,103,22,0,1479,51,22,1,1,1,0,0,0,0,0,0,0,0,0,5,2,0,1,0.8181818,2,1,1,1,0.045454547,0.045454547,0.045454547,0.0,0.0,0.0,0.0,0.0,0.0,0.0,0.0,0.0,0.22727273,0.09090909,0.0,0.045454547,
InTrace

/home/yongfeng/Documents/java/D4jProjects/Time/Time_7/ >> 7
21,7,6,7,0,1,0,0,157,206,10,
9,0,15,3,1,213,14,17,4,0,1,0,0,0,0,0,0,0,0,0,4,0,0,3,0.5294118,2,1,1,1,0.23529412,0.0,0.05882353,0.0,0.0,0.0,0.0,0.0,0.0,0.0,0.0,0.0,0.23529412,0.0,0.0,0.1764706,
0,3,9,2,0,94,11,13,2,0,0,0,0,0,0,0,0,0,0,0,4,1,0,3,0.61538464,1,0,1,1,0.15384616,0.0,0.0,0.0,0.0,0.0,0.0,0.0,0.0,0.0,0.0,0.0,0.30769232,0.07692308,0.0,0.23076923,
2,4,2,11,0,5,9,11,2,0,2,0,0,0,0,0,0,0,0,3,3,1,0,1,0.0,2,2,2,1,0.18181819,0.0,0.18181819,0.0,0.0,0.0,0.0,0.0,0.0,0.0,0.0,0.27272728,0.27272728,0.09090909,0.0,0.09090909,
18,19,24,11,1,258,24,62,2,10,9,2,2,0,0,0,1,1,0,8,17,2,2,20,0.17741935,5,9,1,1,0.032258064,0.16129032,0.14516129,0.032258064,0.032258064,0.0,0.0,0.0,0.016129032,0.016129032,0.0,0.12903225,0.27419356,0.032258064,0.032258064,0.32258064,
18,19,24,11,1,258,24,62,2,10,9,2,2,0,0,0,1,1,0,8,17,2,2,20,0.17741935,5,9,1,1,0.032258064,0.16129032,0.14516129,0.032258064,0.032258064,0.0,0.0,0.0,0.016129032,0.016129032,0.0,0.12903225,0.27419356,0.032258064,0.032258064,0.32258064,
55,8,43,15,1,614,32,65,3,9,4,0,0,0,0,0,0,0,0,3,20,1,0,6,0.52307695,3,4,1,1,0.046153847,0.13846155,0.06153846,0.0,0.0,0.0,0.0,0.0,0.0,0.0,0.0,0.046153847,0.30769232,0.015384615,0.0,0.092307694,
OutTrace

/home/yongfeng/Documents/java/D4jProjects/Time/Time_8/ >> 8
3,2,2,2,1,1,0,0,157,206,10,
63,13,53,25,0,752,55,55,2,2,4,0,0,0,0,0,1,1,0,3,2,2,1,15,0.56363636,3,4,1,1,0.036363635,0.036363635,0.07272727,0.0,0.0,0.0,0.0,0.0,0.018181818,0.018181818,0.0,0.054545455,0.036363635,0.036363635,0.018181818,0.27272728,
OutTrace

/home/yongfeng/Documents/java/D4jProjects/Time/Time_10/ >> 10
21,6,6,6,1,1,0,0,157,206,10,
9,0,15,3,1,213,14,17,4,0,1,0,0,0,0,0,0,0,0,0,4,0,0,3,0.5294118,2,1,1,1,0.23529412,0.0,0.05882353,0.0,0.0,0.0,0.0,0.0,0.0,0.0,0.0,0.0,0.23529412,0.0,0.0,0.1764706,
0,3,9,2,0,94,11,13,2,0,0,0,0,0,0,0,0,0,0,0,4,1,0,3,0.61538464,1,0,1,1,0.15384616,0.0,0.0,0.0,0.0,0.0,0.0,0.0,0.0,0.0,0.0,0.0,0.30769232,0.07692308,0.0,0.23076923,
29,1,49,13,0,408,21,12,2,2,0,1,1,0,0,0,0,0,0,1,5,1,1,1,0.5833333,2,0,1,1,0.16666667,0.16666667,0.0,0.083333336,0.083333336,0.0,0.0,0.0,0.0,0.0,0.0,0.083333336,0.41666666,0.083333336,0.083333336,0.083333336,
16,2,17,13,0,210,24,32,3,4,4,1,1,0,0,0,0,0,0,0,12,1,1,7,0.40625,3,4,3,1,0.09375,0.125,0.125,0.03125,0.03125,0.0,0.0,0.0,0.0,0.0,0.0,0.0,0.375,0.03125,0.03125,0.21875,
8,12,25,6,0,357,33,22,2,3,1,0,0,0,0,0,0,0,0,0,9,2,0,3,0.54545456,2,1,1,1,0.09090909,0.13636364,0.045454547,0.0,0.0,0.0,0.0,0.0,0.0,0.0,0.0,0.0,0.4090909,0.09090909,0.0,0.13636364,
InTrace

/home/yongfeng/Documents/java/D4jProjects/Time/Time_27/ >> 27
3,3,2,3,1,1,0,0,156,202,10,
4,4,17,8,1,225,20,20,1,2,2,0,0,0,0,0,0,0,0,1,5,1,1,2,0.35,3,2,1,1,0.05,0.1,0.1,0.0,0.0,0.0,0.0,0.0,0.0,0.0,0.0,0.05,0.25,0.05,0.05,0.1,
4,4,17,8,1,225,20,11,1,0,0,0,0,0,0,0,0,0,0,0,3,1,0,0,0.6363636,1,0,1,1,0.09090909,0.0,0.0,0.0,0.0,0.0,0.0,0.0,0.0,0.0,0.0,0.0,0.27272728,0.09090909,0.0,0.0,
OutTrace

/home/yongfeng/Documents/java/D4jProjects/Time/Time_14/ >> 14
21,6,5,6,1,1,0,0,156,204,10,
9,0,15,3,1,213,14,17,4,0,1,0,0,0,0,0,0,0,0,0,4,0,0,3,0.5294118,2,1,1,1,0.23529412,0.0,0.05882353,0.0,0.0,0.0,0.0,0.0,0.0,0.0,0.0,0.0,0.23529412,0.0,0.0,0.1764706,
0,3,9,2,0,94,11,13,2,0,0,0,0,0,0,0,0,0,0,0,4,1,0,3,0.61538464,1,0,1,1,0.15384616,0.0,0.0,0.0,0.0,0.0,0.0,0.0,0.0,0.0,0.0,0.0,0.30769232,0.07692308,0.0,0.23076923,
39,5,17,7,0,144,16,18,4,3,2,1,1,0,0,0,0,0,0,2,8,3,1,2,0.22222222,3,2,1,1,0.22222222,0.16666667,0.11111111,0.055555556,0.055555556,0.0,0.0,0.0,0.0,0.0,0.0,0.11111111,0.44444445,0.16666667,0.055555556,0.11111111,
17,8,42,16,0,725,36,28,2,2,1,0,0,0,0,0,0,0,0,1,4,2,0,1,0.64285713,2,1,1,1,0.071428575,0.071428575,0.035714287,0.0,0.0,0.0,0.0,0.0,0.0,0.0,0.0,0.035714287,0.14285715,0.071428575,0.0,0.035714287,
17,8,42,16,0,725,36,18,1,0,0,0,0,0,0,0,0,0,0,0,2,1,0,0,1.0,1,0,1,1,0.055555556,0.0,0.0,0.0,0.0,0.0,0.0,0.0,0.0,0.0,0.0,0.0,0.11111111,0.055555556,0.0,0.0,
OutTrace

/home/yongfeng/Documents/java/D4jProjects/Mockito/Mockito_1/ >> 1
18,2,1,1,1,1,1,1,319,294,57,
18,3,13,14,0,27,26,31,1,3,2,1,1,0,0,0,0,0,0,0,7,0,1,3,0.516129,4,2,1,1,0.032258064,0.09677419,0.06451613,0.032258064,0.032258064,0.0,0.0,0.0,0.0,0.0,0.0,0.0,0.22580644,0.0,0.032258064,0.09677419,
OutTrace

/home/yongfeng/Documents/java/D4jProjects/Mockito/Mockito_34/ >> 34
10,2,1,1,1,1,0,1,199,181,37,
9,3,11,10,0,8,21,9,1,2,1,1,0,1,0,0,0,0,0,0,2,0,1,1,0.0,3,1,1,1,0.11111111,0.22222222,0.11111111,0.11111111,0.0,0.11111111,0.0,0.0,0.0,0.0,0.0,0.0,0.22222222,0.0,0.11111111,0.11111111,
OutTrace

/home/yongfeng/Documents/java/D4jProjects/Mockito/Mockito_3/ >> 3
10,12,9,11,0,1,0,0,319,294,57,
21,3,11,11,0,11,23,24,1,7,4,3,3,0,0,0,0,0,0,0,14,0,3,8,0.0,4,4,1,1,0.041666668,0.29166666,0.16666667,0.125,0.125,0.0,0.0,0.0,0.0,0.0,0.0,0.0,0.5833333,0.0,0.125,0.33333334,
2,0,3,3,1,4,6,4,2,0,0,0,0,0,0,0,0,0,0,0,2,0,0,0,0.0,1,0,1,1,0.5,0.0,0.0,0.0,0.0,0.0,0.0,0.0,0.0,0.0,0.0,0.0,0.5,0.0,0.0,0.0,
2,0,3,3,1,4,6,5,2,1,0,1,0,1,0,0,0,0,0,0,1,0,0,0,0.0,2,0,1,1,0.4,0.2,0.0,0.2,0.0,0.2,0.0,0.0,0.0,0.0,0.0,0.0,0.2,0.0,0.0,0.0,
5,3,1,8,1,4,12,17,3,5,3,0,0,0,0,0,0,0,0,0,11,0,0,5,0.0,4,3,1,1,0.1764706,0.29411766,0.1764706,0.0,0.0,0.0,0.0,0.0,0.0,0.0,0.0,0.0,0.64705884,0.0,0.0,0.29411766,
6,1,3,12,0,4,18,8,1,2,1,0,0,0,0,0,0,0,0,0,6,0,0,1,0.0,2,1,1,1,0.125,0.25,0.125,0.0,0.0,0.0,0.0,0.0,0.0,0.0,0.0,0.0,0.75,0.0,0.0,0.125,
0,2,2,2,0,4,5,3,1,0,0,0,0,0,0,0,0,0,0,0,1,0,0,0,0.0,1,0,1,1,0.33333334,0.0,0.0,0.0,0.0,0.0,0.0,0.0,0.0,0.0,0.0,0.0,0.33333334,0.0,0.0,0.0,
7,5,6,20,0,24,22,58,1,7,4,0,0,0,0,0,0,0,0,0,22,4,0,3,0.22413793,3,4,1,1,0.01724138,0.12068965,0.06896552,0.0,0.0,0.0,0.0,0.0,0.0,0.0,0.0,0.0,0.37931034,0.06896552,0.0,0.05172414,
2,1,5,7,0,11,13,10,1,2,1,0,0,0,0,0,0,0,0,0,5,2,0,2,0.1,2,1,1,1,0.1,0.2,0.1,0.0,0.0,0.0,0.0,0.0,0.0,0.0,0.0,0.0,0.5,0.2,0.0,0.2,
3,2,7,11,0,10,11,10,1,1,0,0,0,0,0,0,1,1,0,0,3,1,0,0,0.0,3,0,1,1,0.1,0.1,0.0,0.0,0.0,0.0,0.0,0.0,0.1,0.1,0.0,0.0,0.3,0.1,0.0,0.0,
OutTrace

/home/yongfeng/Documents/java/D4jProjects/Mockito/Mockito_36/ >> 36
1,2,1,1,1,1,1,1,190,175,37,
13,11,28,10,0,15,30,3,0,0,0,0,0,0,0,0,0,0,0,0,1,1,0,0,0.0,1,0,1,1,0.0,0.0,0.0,0.0,0.0,0.0,0.0,0.0,0.0,0.0,0.0,0.0,0.33333334,0.33333334,0.0,0.0,
InTrace

/home/yongfeng/Documents/java/D4jProjects/Mockito/Mockito_4/ >> 4
7,4,1,1,1,0,0,1,328,310,58,
20,0,74,26,1,15,37,8,1,0,0,0,0,0,0,0,0,0,0,0,3,0,0,2,0.0,1,0,1,1,0.125,0.0,0.0,0.0,0.0,0.0,0.0,0.0,0.0,0.0,0.0,0.0,0.375,0.0,0.0,0.25,
OutTrace

/home/yongfeng/Documents/java/D4jProjects/Mockito/Mockito_38/ >> 38
1,3,1,2,1,1,1,1,169,159,37,
3,0,3,5,1,7,13,3,2,0,0,0,0,0,0,0,0,0,0,0,3,1,0,0,0.0,1,0,4,1,0.6666667,0.0,0.0,0.0,0.0,0.0,0.0,0.0,0.0,0.0,0.0,0.0,1.0,0.33333334,0.0,0.0,
3,0,3,5,1,7,13,18,2,3,2,1,0,1,0,0,0,0,0,0,6,2,3,5,0.16666667,3,2,1,1,0.11111111,0.16666667,0.11111111,0.055555556,0.0,0.055555556,0.0,0.0,0.0,0.0,0.0,0.0,0.33333334,0.11111111,0.16666667,0.2777778,
InTrace

/home/yongfeng/Documents/java/D4jProjects/Mockito/Mockito_7/ >> 7
21,9,6,8,0,1,0,1,327,309,58,
7,3,7,4,0,18,18,19,1,0,4,0,0,0,0,0,0,0,0,0,5,4,0,6,0.21052632,2,4,4,1,0.05263158,0.0,0.21052632,0.0,0.0,0.0,0.0,0.0,0.0,0.0,0.0,0.0,0.2631579,0.21052632,0.0,0.31578946,
7,3,7,4,0,18,18,19,1,0,4,0,0,0,0,0,0,0,0,0,5,4,0,6,0.21052632,2,4,4,1,0.05263158,0.0,0.21052632,0.0,0.0,0.0,0.0,0.0,0.0,0.0,0.0,0.0,0.2631579,0.21052632,0.0,0.31578946,
7,3,7,4,0,18,18,6,0,0,1,0,0,0,0,0,0,0,0,1,1,1,0,1,0.0,2,1,1,1,0.0,0.0,0.16666667,0.0,0.0,0.0,0.0,0.0,0.0,0.0,0.0,0.16666667,0.16666667,0.16666667,0.0,0.16666667,
8,5,13,15,0,39,24,11,1,2,1,0,0,0,0,0,0,0,0,0,10,2,1,0,0.0,2,1,1,1,0.09090909,0.18181819,0.09090909,0.0,0.0,0.0,0.0,0.0,0.0,0.0,0.0,0.0,0.90909094,0.18181819,0.09090909,0.0,
7,5,6,15,0,24,21,57,1,7,4,0,0,0,0,0,0,0,0,0,21,4,0,3,0.22807017,3,4,1,1,0.01754386,0.12280702,0.07017544,0.0,0.0,0.0,0.0,0.0,0.0,0.0,0.0,0.0,0.36842105,0.07017544,0.0,0.05263158,
2,1,5,7,0,11,13,10,1,2,1,0,0,0,0,0,0,0,0,0,5,2,0,2,0.1,2,1,1,1,0.1,0.2,0.1,0.0,0.0,0.0,0.0,0.0,0.0,0.0,0.0,0.0,0.5,0.2,0.0,0.2,
3,2,7,11,0,10,11,10,1,1,0,0,0,0,0,0,1,1,0,0,3,1,0,0,0.0,3,0,1,1,0.1,0.1,0.0,0.0,0.0,0.0,0.0,0.0,0.1,0.1,0.0,0.0,0.3,0.1,0.0,0.0,
4,5,5,16,0,7,24,19,4,4,3,0,0,0,0,0,0,0,0,0,10,4,0,1,0.0,4,3,1,1,0.21052632,0.21052632,0.15789473,0.0,0.0,0.0,0.0,0.0,0.0,0.0,0.0,0.0,0.5263158,0.21052632,0.0,0.05263158,
OutTrace

/home/yongfeng/Documents/java/D4jProjects/Mockito/Mockito_9/ >> 9
21,8,7,7,1,1,0,1,315,299,57,
20,0,72,25,1,15,37,8,0,0,0,0,0,0,0,0,0,0,0,0,1,0,0,0,0.0,1,0,1,1,0.0,0.0,0.0,0.0,0.0,0.0,0.0,0.0,0.0,0.0,0.0,0.0,0.125,0.0,0.0,0.0,
1,11,18,8,0,12,22,6,0,0,1,0,0,0,0,0,0,0,0,0,3,1,0,0,0.0,2,1,1,1,0.0,0.0,0.16666667,0.0,0.0,0.0,0.0,0.0,0.0,0.0,0.0,0.0,0.5,0.16666667,0.0,0.0,
0,1,1,3,0,24,6,3,1,0,0,0,0,0,0,0,0,0,0,0,1,1,0,0,0.0,1,0,1,1,0.33333334,0.0,0.0,0.0,0.0,0.0,0.0,0.0,0.0,0.0,0.0,0.0,0.33333334,0.33333334,0.0,0.0,
7,5,6,15,0,24,21,57,1,7,4,0,0,0,0,0,0,0,0,0,21,4,0,3,0.22807017,3,4,1,1,0.01754386,0.12280702,0.07017544,0.0,0.0,0.0,0.0,0.0,0.0,0.0,0.0,0.0,0.36842105,0.07017544,0.0,0.05263158,
2,1,5,7,0,11,13,10,1,2,1,0,0,0,0,0,0,0,0,0,5,2,0,2,0.1,2,1,1,1,0.1,0.2,0.1,0.0,0.0,0.0,0.0,0.0,0.0,0.0,0.0,0.0,0.5,0.2,0.0,0.2,
3,2,7,11,0,10,11,10,1,1,0,0,0,0,0,0,1,1,0,0,3,1,0,0,0.0,3,0,1,1,0.1,0.1,0.0,0.0,0.0,0.0,0.0,0.0,0.1,0.1,0.0,0.0,0.3,0.1,0.0,0.0,
4,5,5,16,0,7,24,19,4,4,3,0,0,0,0,0,0,0,0,0,10,4,0,1,0.0,4,3,1,1,0.21052632,0.21052632,0.15789473,0.0,0.0,0.0,0.0,0.0,0.0,0.0,0.0,0.0,0.5263158,0.21052632,0.0,0.05263158,
InTrace

/home/yongfeng/Documents/java/D4jProjects/Mockito/Mockito_10/ >> 10
21,13,9,12,1,1,0,1,312,296,56,
20,0,69,23,1,15,35,11,1,0,0,0,0,0,0,0,0,0,0,0,2,0,0,2,0.0,1,0,1,1,0.09090909,0.0,0.0,0.0,0.0,0.0,0.0,0.0,0.0,0.0,0.0,0.0,0.18181819,0.0,0.0,0.18181819,
1,1,5,4,1,7,11,12,2,0,1,0,0,0,0,0,0,0,0,0,4,0,2,4,0.25,2,1,1,1,0.16666667,0.0,0.083333336,0.0,0.0,0.0,0.0,0.0,0.0,0.0,0.0,0.0,0.33333334,0.0,0.16666667,0.33333334,
6,1,21,16,0,6,22,18,2,2,0,0,0,0,0,0,0,0,0,0,12,1,0,0,0.11111111,1,0,4,1,0.11111111,0.11111111,0.0,0.0,0.0,0.0,0.0,0.0,0.0,0.0,0.0,0.0,0.6666667,0.055555556,0.0,0.0,
6,1,21,16,0,6,22,3,1,0,0,0,0,0,0,0,0,0,0,0,1,1,0,0,0.0,1,0,1,1,0.33333334,0.0,0.0,0.0,0.0,0.0,0.0,0.0,0.0,0.0,0.0,0.0,0.33333334,0.33333334,0.0,0.0,
18,3,17,31,1,9,35,12,2,3,1,0,0,0,0,0,0,0,0,0,7,1,1,3,0.0,2,1,1,1,0.16666667,0.25,0.083333336,0.0,0.0,0.0,0.0,0.0,0.0,0.0,0.0,0.0,0.5833333,0.083333336,0.083333336,0.25,
7,5,12,14,0,39,23,17,2,3,1,1,0,1,0,0,0,0,0,0,10,2,0,0,0.11764706,3,1,4,1,0.11764706,0.1764706,0.05882353,0.05882353,0.0,0.05882353,0.0,0.0,0.0,0.0,0.0,0.0,0.5882353,0.11764706,0.0,0.0,
7,5,12,14,0,39,23,11,1,2,1,0,0,0,0,0,0,0,0,0,10,2,1,0,0.0,2,1,1,1,0.09090909,0.18181819,0.09090909,0.0,0.0,0.0,0.0,0.0,0.0,0.0,0.0,0.0,0.90909094,0.18181819,0.09090909,0.0,
7,5,6,15,0,24,21,57,1,7,4,0,0,0,0,0,0,0,0,0,21,4,0,3,0.22807017,3,4,1,1,0.01754386,0.12280702,0.07017544,0.0,0.0,0.0,0.0,0.0,0.0,0.0,0.0,0.0,0.36842105,0.07017544,0.0,0.05263158,
2,1,5,7,0,11,13,10,1,2,1,0,0,0,0,0,0,0,0,0,5,2,0,2,0.1,2,1,1,1,0.1,0.2,0.1,0.0,0.0,0.0,0.0,0.0,0.0,0.0,0.0,0.0,0.5,0.2,0.0,0.2,
3,2,7,11,0,10,11,10,1,1,0,0,0,0,0,0,1,1,0,0,3,1,0,0,0.0,3,0,1,1,0.1,0.1,0.0,0.0,0.0,0.0,0.0,0.0,0.1,0.1,0.0,0.0,0.3,0.1,0.0,0.0,
4,6,5,15,0,7,24,19,4,4,3,0,0,0,0,0,0,0,0,0,10,4,0,1,0.0,4,3,1,1,0.21052632,0.21052632,0.15789473,0.0,0.0,0.0,0.0,0.0,0.0,0.0,0.0,0.0,0.5263158,0.21052632,0.0,0.05263158,
OutTrace

/home/yongfeng/Documents/java/D4jProjects/Mockito/Mockito_12/ >> 12
7,2,1,1,1,1,0,1,231,204,41,
2,0,1,3,1,8,10,14,1,2,1,0,0,0,0,0,0,0,0,0,2,2,0,3,0.5,2,1,1,1,0.071428575,0.14285715,0.071428575,0.0,0.0,0.0,0.0,0.0,0.0,0.0,0.0,0.0,0.14285715,0.14285715,0.0,0.21428572,
InTrace

/home/yongfeng/Documents/java/D4jProjects/Mockito/Mockito_16/ >> 16
21,5,3,4,1,1,0,1,199,181,37,
12,0,44,22,1,15,20,11,0,0,0,0,0,0,0,0,0,0,0,0,1,0,0,0,0.0,1,0,1,1,0.0,0.0,0.0,0.0,0.0,0.0,0.0,0.0,0.0,0.0,0.0,0.0,0.09090909,0.0,0.0,0.0,
7,3,14,16,1,9,27,8,0,1,1,0,0,0,0,0,0,0,0,0,3,1,0,1,0.0,2,1,1,1,0.0,0.125,0.125,0.0,0.0,0.0,0.0,0.0,0.0,0.0,0.0,0.0,0.375,0.125,0.0,0.125,
7,3,14,16,1,9,27,4,1,0,0,0,0,0,0,0,0,0,0,0,2,1,0,0,0.0,1,0,1,1,0.25,0.0,0.0,0.0,0.0,0.0,0.0,0.0,0.0,0.0,0.0,0.0,0.5,0.25,0.0,0.0,
0,5,29,9,0,1438,27,62,1,0,0,0,0,0,0,0,0,0,0,0,1,1,0,0,0.9677419,1,0,1,1,0.016129032,0.0,0.0,0.0,0.0,0.0,0.0,0.0,0.0,0.0,0.0,0.0,0.016129032,0.016129032,0.0,0.0,
OutTrace

/home/yongfeng/Documents/java/D4jProjects/Mockito/Mockito_21/ >> 21
6,3,1,1,1,0,0,1,315,299,57,
1,1,4,1,0,2,9,10,1,1,0,0,0,0,0,0,1,1,0,0,4,1,0,0,0.2,3,0,4,1,0.1,0.1,0.0,0.0,0.0,0.0,0.0,0.0,0.1,0.1,0.0,0.0,0.4,0.1,0.0,0.0,
OutTrace

/home/yongfeng/Documents/java/D4jProjects/Mockito/Mockito_22/ >> 22
4,3,1,1,1,1,1,1,306,289,54,
1,0,5,1,1,5,6,9,2,0,2,0,0,0,0,0,0,0,0,0,4,3,0,7,0.0,3,2,1,1,0.22222222,0.0,0.22222222,0.0,0.0,0.0,0.0,0.0,0.0,0.0,0.0,0.0,0.44444445,0.33333334,0.0,0.7777778,
OutTrace

/home/yongfeng/Documents/java/D4jProjects/Mockito/Mockito_29/ >> 29
1,12,10,11,1,1,1,0,240,212,43,
0,2,3,3,0,4,10,7,1,0,0,0,0,0,0,0,0,0,0,0,6,0,0,0,0.0,1,0,1,1,0.14285715,0.0,0.0,0.0,0.0,0.0,0.0,0.0,0.0,0.0,0.0,0.0,0.85714287,0.0,0.0,0.0,
0,3,9,3,0,6,16,3,1,0,0,0,0,0,0,0,0,0,0,0,1,0,0,0,0.0,1,0,1,1,0.33333334,0.0,0.0,0.0,0.0,0.0,0.0,0.0,0.0,0.0,0.0,0.0,0.33333334,0.0,0.0,0.0,
3,0,3,5,1,7,13,3,2,0,0,0,0,0,0,0,0,0,0,0,3,1,0,1,0.0,1,0,4,1,0.6666667,0.0,0.0,0.0,0.0,0.0,0.0,0.0,0.0,0.0,0.0,0.0,1.0,0.33333334,0.0,0.33333334,
3,0,3,5,1,7,13,18,2,3,2,1,0,1,0,0,0,0,0,0,6,2,3,5,0.16666667,3,2,1,1,0.11111111,0.16666667,0.11111111,0.055555556,0.0,0.055555556,0.0,0.0,0.0,0.0,0.0,0.0,0.33333334,0.11111111,0.16666667,0.2777778,
5,2,1,7,1,4,10,15,2,5,2,0,0,0,0,0,0,0,0,0,11,0,0,1,0.0,3,2,1,1,0.13333334,0.33333334,0.13333334,0.0,0.0,0.0,0.0,0.0,0.0,0.0,0.0,0.0,0.73333335,0.0,0.0,0.06666667,
6,1,3,12,0,4,18,8,1,2,1,0,0,0,0,0,0,0,0,0,6,0,0,1,0.0,2,1,1,1,0.125,0.25,0.125,0.0,0.0,0.0,0.0,0.0,0.0,0.0,0.0,0.0,0.75,0.0,0.0,0.125,
0,2,2,2,0,4,5,3,1,0,0,0,0,0,0,0,0,0,0,0,1,0,0,0,0.0,1,0,1,1,0.33333334,0.0,0.0,0.0,0.0,0.0,0.0,0.0,0.0,0.0,0.0,0.0,0.33333334,0.0,0.0,0.0,
7,5,5,17,0,23,21,52,1,7,4,0,0,0,0,0,0,0,0,0,20,4,0,3,0.23076923,3,4,1,1,0.01923077,0.13461539,0.07692308,0.0,0.0,0.0,0.0,0.0,0.0,0.0,0.0,0.0,0.3846154,0.07692308,0.0,0.057692308,
4,5,5,10,0,4,22,17,4,4,2,0,0,0,0,0,0,0,0,0,8,3,0,1,0.0,3,2,1,1,0.23529412,0.23529412,0.11764706,0.0,0.0,0.0,0.0,0.0,0.0,0.0,0.0,0.0,0.47058824,0.1764706,0.0,0.05882353,
InTrace

